Chr5_71148	Chr5_71178	Chr5_71185	Chr5_71196	Chr5_71206	Chr5_71232	Chr5_71259	Chr5_71262	Chr5_71263	Chr5_87276	Chr5_87282	Chr5_87304	Chr5_87309	Chr5_87331	Chr5_87333	Chr5_87335	Chr5_87342	Chr5_87373	Chr5_87378	Chr5_87380	Chr5_87381	Chr5_87396	Chr5_92860	Chr5_92893	Chr5_92914	Chr5_92918	Chr5_92919	Chr5_97996	Chr5_98056	Chr5_98195	Chr5_98208	Chr5_98827	Chr5_98835	Chr5_98847	Chr5_99077	Chr5_99110	Chr5_99114	Chr5_99167	Chr5_99184	Chr5_99226	Chr5_99240	Chr5_99261	Chr5_99409	Chr5_99412	Chr5_99424	Chr5_99437	Chr5_99456	Chr5_99496	Chr5_99498	Chr5_99503	Chr5_99519	Chr5_99527	Chr5_99530	Chr5_99564	Chr5_99570	Chr5_99572	Chr5_99575	Chr5_99584	Chr5_99708
0.0000	0.9967	0.9918	0.9655	0.9965	0.9617	0.7044	0.8351	0.9842	0.9822	0.9998	0.9994	0.9822	0.9912	0.9275	0.9467	0.9935	0.9513	0.9846	0.9970	0.9195	0.9904	0.9751	0.9615	0.9780	0.9657	0.9462	0.8568	0.9940	1.0000	0.9988	0.9802	0.9949	0.9942	0.8472	0.9986	0.9936	0.9986	0.9937	0.9992	0.9632	0.9944	0.9964	1.0000	0.9935	0.9998	0.9914	0.9900	0.9900	0.9334	0.9804	0.9908	0.9989	0.9939	0.9857	0.9986	0.9979	0.9718	0.9980
0.9967	0.0000	0.9997	0.9998	0.8488	0.9801	0.9938	0.9333	0.7044	0.9739	0.9945	0.9813	0.9977	0.9765	0.9986	0.9787	0.9920	0.9977	0.9868	0.9748	1.0000	0.9835	0.9989	1.0000	0.9888	0.9568	0.9977	0.9579	0.9690	0.9982	0.9697	0.9802	0.9720	0.9602	0.9986	0.9975	0.9999	0.9349	0.9692	0.9915	0.9988	0.9910	0.9990	0.9901	0.9753	0.9998	0.9963	0.9987	0.9987	0.9106	1.0000	0.9937	0.9963	0.9966	0.9972	0.9699	0.9710	0.9999	0.9965
0.9918	0.9997	0.0000	0.9999	0.9185	0.4479	0.9989	0.9942	0.9994	0.9939	0.9703	0.9992	0.9963	1.0000	0.9999	0.9970	0.9911	0.9966	0.9989	0.9986	0.9976	0.9996	0.9947	0.9903	0.9662	0.9796	0.9777	0.9863	0.9662	0.9882	0.9999	0.9836	0.9514	0.9862	0.9966	0.9994	0.9685	0.9874	0.9988	0.9149	0.9807	0.9962	0.9970	0.9912	0.9725	0.9920	0.9935	0.9996	0.9996	0.9501	0.9999	0.9863	0.9924	0.9917	0.9991	0.9158	0.9962	0.9676	0.9948
0.9655	0.9998	0.9999	0.0000	0.9722	0.9995	0.4972	0.8535	0.9337	0.9941	0.9775	0.9985	0.9882	0.9598	0.9986	0.9994	0.9984	1.0000	1.0000	0.9992	0.9989	0.9987	0.9986	0.9997	0.9991	0.9991	0.9939	0.9365	1.0000	0.9323	0.9739	0.9915	0.9877	0.9462	0.9804	0.9949	0.9835	0.9993	0.9995	0.9997	0.9736	0.9993	0.8973	0.9947	0.9971	0.9675	0.9626	0.9838	0.9838	0.9965	0.9897	0.9857	0.9866	0.9817	0.9894	0.9960	0.9998	0.9611	0.9911
0.9965	0.8488	0.9185	0.9722	0.0000	0.8808	0.9941	0.9113	0.8133	0.9977	0.9911	0.9999	0.9973	0.9944	0.9777	0.9817	0.9817	0.9512	0.9396	0.9396	0.9453	0.9404	0.9818	0.9684	0.9570	0.8772	0.8701	0.9866	0.9224	0.9989	0.9892	0.9999	0.9986	0.9954	0.9864	0.9913	1.0000	0.9750	0.9824	0.9884	0.9942	0.9938	0.9985	0.9631	0.9962	0.9870	1.0000	0.9995	0.9995	0.9800	0.9982	0.9927	0.9989	0.9906	0.9387	0.9898	0.9887	0.9822	0.9973
0.9617	0.9801	0.4479	0.9995	0.8808	0.0000	0.9987	0.9867	0.9714	0.9900	0.9801	0.9709	0.9909	0.9621	0.9964	0.9999	0.9998	0.9997	0.9829	0.9787	0.9965	0.9855	0.9998	0.9793	0.9759	0.9308	0.9676	0.9995	0.9375	1.0000	0.9944	0.9994	0.9927	0.9984	0.9885	0.9968	0.9980	0.9959	1.0000	0.9116	0.9865	0.9963	0.9977	0.9760	0.9929	0.9813	0.9597	1.0000	1.0000	0.9758	0.9992	0.9946	0.9988	0.9966	0.9793	0.9766	0.9577	0.9679	0.9995
0.7044	0.9938	0.9989	0.4972	0.9941	0.9987	0.0000	0.5833	0.9822	0.9915	0.9952	0.9825	0.9444	0.9432	0.9892	0.9742	0.9990	0.9649	0.9934	0.9820	0.9808	0.9903	1.0000	0.9984	0.9957	0.9974	0.9723	0.9947	0.9921	0.9306	0.9966	0.9687	0.9984	0.9545	0.9979	0.9967	0.9998	0.9982	0.9965	0.9826	0.9988	0.9879	0.9660	0.9996	0.9994	0.9778	0.9175	0.9999	0.9999	0.9530	0.9947	0.9945	0.9963	0.9998	0.9962	0.9980	0.9933	0.9660	0.9960
0.8351	0.9333	0.9942	0.8535	0.9113	0.9867	0.5833	0.0000	0.9999	0.9605	0.9789	0.9966	0.9625	0.9678	0.9374	0.9031	1.0000	0.9526	0.9691	0.9996	0.9122	0.9853	0.9842	0.9750	0.9895	0.9704	0.9058	0.9841	0.9923	0.9520	0.9908	0.9551	0.9899	0.9348	0.9845	0.9797	0.9999	0.9610	0.9277	0.9991	0.9903	0.9791	0.9996	0.9999	0.9970	0.9946	0.9466	0.9885	0.9885	0.9682	0.9915	0.9996	0.9980	0.9539	0.9772	0.8959	0.9961	0.9906	0.9981
0.9842	0.7044	0.9994	0.9337	0.8133	0.9714	0.9822	0.9999	0.0000	0.9703	0.9967	0.9738	0.9934	0.9835	0.9856	0.9931	0.9687	0.9742	0.9636	0.9593	0.9468	0.9591	0.9299	0.9175	0.9802	0.9818	0.9996	0.9899	0.9660	0.9988	0.9575	0.9942	0.9891	0.9923	0.9896	0.9805	0.9972	0.9820	0.9826	0.9984	0.9704	0.9956	0.9916	0.9972	0.9687	0.9998	0.9975	0.9754	0.9754	0.9947	0.9819	0.9958	0.9579	0.9944	0.9842	0.9669	0.9893	0.9983	0.9953
0.9822	0.9739	0.9939	0.9941	0.9977	0.9900	0.9915	0.9605	0.9703	0.0000	0.9798	0.9924	0.9988	0.9912	0.9992	0.9852	0.9852	0.9999	0.9736	0.9736	0.9771	0.9771	0.9904	0.9980	0.9975	0.9919	0.9920	0.9948	0.9528	0.9985	0.9980	0.9993	0.9931	0.9930	0.9943	0.9996	0.9780	0.9921	0.9885	0.9907	0.9994	0.9525	0.9573	0.9955	0.9762	0.9401	0.9972	0.9992	0.9992	0.9053	0.9999	0.9352	0.9652	0.9829	0.9455	0.9604	0.9652	0.9931	0.9952
0.9998	0.9945	0.9703	0.9775	0.9911	0.9801	0.9952	0.9789	0.9967	0.9798	0.0000	0.9992	0.9913	1.0000	0.9929	0.9978	0.9978	0.9996	0.9929	0.9929	0.9974	0.9974	0.9997	0.9981	0.9994	0.9978	0.9859	0.9934	0.9999	0.9986	0.9863	0.9840	0.9758	0.9974	0.9693	0.9996	0.8906	0.9444	0.9914	0.9751	0.9243	0.9950	0.8624	0.9758	0.9987	0.9861	0.9944	0.9762	0.9762	1.0000	0.9961	0.9949	0.9821	0.9997	0.9747	0.9826	0.9992	0.9935	0.9600
0.9994	0.9813	0.9992	0.9985	0.9999	0.9709	0.9825	0.9966	0.9738	0.9924	0.9992	0.0000	0.4261	0.7513	0.4777	0.7193	0.6818	0.9963	0.7751	0.7751	0.7653	0.7355	1.0000	0.9997	1.0000	0.9895	0.9813	0.9935	0.9981	0.9774	0.9700	0.9187	0.9920	0.9543	0.9997	0.9758	0.9999	0.9961	0.8800	0.9698	0.9956	0.9787	0.9933	0.9934	0.9953	0.9461	0.9340	0.9699	0.9699	0.9981	0.9973	0.9820	1.0000	0.9793	0.9962	1.0000	0.9984	0.9977	0.9860
0.9822	0.9977	0.9963	0.9882	0.9973	0.9909	0.9444	0.9625	0.9934	0.9988	0.9913	0.4261	0.0000	0.7762	0.7624	0.8897	0.8014	0.9784	0.8256	0.8146	0.9012	0.8568	0.9829	0.9936	0.9943	0.9893	0.9877	0.9724	1.0000	0.9993	0.9543	0.9733	0.9995	0.9871	0.9998	0.9972	0.9999	0.9957	0.8167	0.9597	0.9997	0.9554	0.9996	0.9962	1.0000	0.9853	0.8864	0.9672	0.9672	0.9993	0.9957	1.0000	0.9847	0.9949	0.9985	0.9815	0.9997	0.9603	0.9764
0.9912	0.9765	1.0000	0.9598	0.9944	0.9621	0.9432	0.9678	0.9835	0.9912	1.0000	0.7513	0.7762	0.0000	0.8680	0.8983	0.8253	0.9909	0.8320	0.8139	0.8953	0.8261	0.9788	0.9739	0.9844	0.9873	0.9903	1.0000	0.8851	0.9978	0.9986	1.0000	0.9862	0.9896	0.9970	0.9879	0.9851	0.9744	0.9819	0.9870	0.9973	0.9862	0.9917	0.9998	0.9893	0.9992	0.9947	0.9964	0.9964	1.0000	0.9744	0.9873	0.9967	1.0000	0.9827	0.9978	0.9706	0.9941	0.9694
0.9275	0.9986	0.9999	0.9986	0.9777	0.9964	0.9892	0.9374	0.9856	0.9992	0.9929	0.4777	0.7624	0.8680	0.0000	0.2936	0.3387	0.9976	0.4572	0.5806	0.4265	0.4542	0.9964	0.9935	0.9793	0.9980	1.0000	0.9820	0.9565	0.9994	0.9973	0.8792	0.9765	0.9319	0.9906	0.9993	0.9790	0.9973	0.9864	0.9966	0.9996	0.9802	0.9886	0.9913	0.9863	0.9340	0.9945	0.9999	0.9999	0.9930	0.9975	0.9965	0.9884	0.9974	0.9495	0.9891	0.9929	1.0000	0.9918
0.9467	0.9787	0.9970	0.9994	0.9817	0.9999	0.9742	0.9031	0.9931	0.9852	0.9978	0.7193	0.8897	0.8983	0.2936	0.0000	0.1947	0.9993	0.4576	0.5632	0.4394	0.4710	0.9916	0.9805	0.9610	0.9975	1.0000	0.9926	0.9668	1.0000	0.9941	0.9737	0.9650	0.9964	0.9474	0.9932	0.9961	0.9957	0.9990	0.9997	0.9956	0.9952	0.9984	0.9999	1.0000	0.9737	0.9970	0.9831	0.9831	1.0000	0.9596	0.9982	0.9908	0.9767	0.9375	0.9870	0.9964	0.9993	0.9939
0.9935	0.9920	0.9911	0.9984	0.9817	0.9998	0.9990	1.0000	0.9687	0.9852	0.9978	0.6818	0.8014	0.8253	0.3387	0.1947	0.0000	0.9978	0.4576	0.4530	0.4508	0.4099	0.9782	0.9515	0.9667	0.9874	0.9949	0.9926	0.9695	0.9993	0.9981	0.9999	0.9733	0.9869	0.9818	0.9962	0.9937	0.9783	0.9955	0.9968	0.9956	0.9952	0.9992	0.9999	1.0000	0.9737	0.9970	0.9946	0.9946	0.9979	0.9781	0.9928	0.9908	0.9943	0.9524	0.9907	0.9795	0.9993	0.9939
0.9513	0.9977	0.9966	1.0000	0.9512	0.9997	0.9649	0.9526	0.9742	0.9999	0.9996	0.9963	0.9784	0.9909	0.9976	0.9993	0.9978	0.0000	0.9993	0.9989	0.9989	0.9977	1.0000	0.9969	0.9902	0.9996	1.0000	0.9998	0.9954	0.9988	0.9257	0.9726	0.9893	0.9296	0.9965	0.9899	0.9999	0.9796	0.9965	0.9778	1.0000	0.9788	0.9886	0.9976	0.9971	0.9997	0.9955	0.9906	0.9906	0.9649	0.9792	0.9907	0.9939	0.9731	0.9796	0.9931	0.9616	0.9898	0.9931
0.9846	0.9868	0.9989	1.0000	0.9396	0.9829	0.9934	0.9691	0.9636	0.9736	0.9929	0.7751	0.8256	0.8320	0.4572	0.4576	0.4576	0.9993	0.0000	0.0000	0.0698	0.0703	0.9539	0.9523	0.9686	0.9603	0.9863	0.9603	0.9412	0.9779	1.0000	0.9971	0.9947	0.9943	0.9928	0.9998	0.9994	0.9998	0.9659	0.9906	0.9957	0.9109	0.9986	0.9992	0.9629	0.9961	0.9830	0.9991	0.9991	0.9919	0.9993	0.9940	0.9927	0.9966	0.8781	0.9921	0.9591	0.9956	0.9905
0.9970	0.9748	0.9986	0.9992	0.9396	0.9787	0.9820	0.9996	0.9593	0.9736	0.9929	0.7751	0.8146	0.8139	0.5806	0.5632	0.4530	0.9989	0.0000	0.0000	0.1952	0.0698	0.9388	0.9350	0.9664	0.9461	0.9770	0.9603	0.9438	0.9756	0.9998	0.9990	0.9968	0.9995	0.9956	1.0000	0.9991	0.9984	0.9794	0.9906	0.9957	0.9109	0.9986	0.9992	0.9629	0.9961	0.9830	0.9991	0.9991	0.9919	0.9993	0.9940	0.9927	0.9978	0.8748	0.9846	0.9505	0.9956	0.9905
0.9195	1.0000	0.9976	0.9989	0.9453	0.9965	0.9808	0.9122	0.9468	0.9771	0.9974	0.7653	0.9012	0.8953	0.4265	0.4394	0.4508	0.9989	0.0698	0.1952	0.0000	0.0693	0.9627	0.9650	0.9840	0.9916	0.9999	0.9571	0.9503	0.9966	0.9996	0.9984	0.9846	0.9955	0.9661	0.9988	0.9948	1.0000	0.9664	0.9936	0.9999	0.9653	0.9963	0.9976	0.9768	0.9894	0.9910	1.0000	1.0000	0.9839	0.9995	0.9976	0.9936	0.9986	0.9111	0.9867	0.9918	0.9994	0.9917
0.9904	0.9835	0.9996	0.9987	0.9404	0.9855	0.9903	0.9853	0.9591	0.9771	0.9974	0.7355	0.8568	0.8261	0.4542	0.4710	0.4099	0.9977	0.0703	0.0698	0.0693	0.0000	0.9437	0.9406	0.9600	0.9579	0.9817	0.9444	0.9457	0.9888	0.9992	0.9946	0.9955	0.9965	0.9944	0.9956	0.9971	0.9971	0.9822	0.9953	0.9994	0.9663	0.9971	0.9981	0.9710	0.9875	0.9893	0.9999	0.9999	0.9811	0.9991	0.9984	0.9933	0.9966	0.8973	0.9928	0.9663	0.9997	0.9913
0.9751	0.9989	0.9947	0.9986	0.9818	0.9998	1.0000	0.9842	0.9299	0.9904	0.9997	1.0000	0.9829	0.9788	0.9964	0.9916	0.9782	1.0000	0.9539	0.9388	0.9627	0.9437	0.0000	0.1952	0.2612	0.9998	0.9997	0.9965	0.9918	0.9861	1.0000	0.9707	0.9995	0.9771	0.9932	0.9674	0.9701	0.9999	0.8502	0.9985	0.9975	0.9731	0.9962	0.9963	0.9580	0.9942	0.9968	0.9990	0.9990	0.9993	0.9588	0.9948	0.9993	0.9928	1.0000	0.9978	0.9976	0.9999	0.9628
0.9615	1.0000	0.9903	0.9997	0.9684	0.9793	0.9984	0.9750	0.9175	0.9980	0.9981	0.9997	0.9936	0.9739	0.9935	0.9805	0.9515	0.9969	0.9523	0.9350	0.9650	0.9406	0.1952	0.0000	0.0656	0.9985	0.9961	0.9881	0.9965	0.9969	0.9749	0.9592	0.9937	0.9638	0.9920	0.9612	0.9384	0.9977	0.8482	0.9989	1.0000	0.9957	0.9998	0.9832	0.9931	0.9938	1.0000	0.9954	0.9954	0.9996	0.9338	0.9997	0.9999	0.9985	0.9813	0.9998	0.9837	0.9929	0.9565
0.9780	0.9888	0.9662	0.9991	0.9570	0.9759	0.9957	0.9895	0.9802	0.9975	0.9994	1.0000	0.9943	0.9844	0.9793	0.9610	0.9667	0.9902	0.9686	0.9664	0.9840	0.9600	0.2612	0.0656	0.0000	0.9981	0.9955	0.9942	0.9886	0.9975	0.9548	0.9927	0.9937	0.9944	0.9984	0.9496	0.9390	0.9846	0.9099	0.9921	0.9999	0.9984	0.9988	0.9691	0.9971	0.9906	0.9997	0.9921	0.9921	0.9998	0.9281	0.9991	0.9994	0.9999	0.9906	0.9468	0.9908	0.9891	0.9641
0.9657	0.9568	0.9796	0.9991	0.8772	0.9308	0.9974	0.9704	0.9818	0.9919	0.9978	0.9895	0.9893	0.9873	0.9980	0.9975	0.9874	0.9996	0.9603	0.9461	0.9916	0.9579	0.9998	0.9985	0.9981	0.0000	0.1718	0.9337	0.8760	0.9971	0.9991	0.9572	0.9985	0.9965	0.9515	0.9928	0.9991	0.9915	0.9999	0.9995	0.9111	0.9676	0.9811	0.9748	0.9740	0.9990	0.9455	0.9969	0.9969	0.9249	0.9865	0.9957	0.9855	0.9836	0.9978	0.9913	0.9962	0.9896	0.9830
0.9462	0.9977	0.9777	0.9939	0.8701	0.9676	0.9723	0.9058	0.9996	0.9920	0.9859	0.9813	0.9877	0.9903	1.0000	1.0000	0.9949	1.0000	0.9863	0.9770	0.9999	0.9817	0.9997	0.9961	0.9955	0.1718	0.0000	0.9445	0.8734	0.9980	0.9979	0.9620	0.9962	0.9976	0.9302	0.9876	0.9957	0.9875	0.9969	0.9966	0.9338	0.9716	0.9983	0.9912	0.9973	0.9979	0.9411	0.9979	0.9979	0.9460	0.9999	0.9990	0.9880	0.9986	0.9999	0.9930	0.9937	0.9934	0.9814
0.8568	0.9579	0.9863	0.9365	0.9866	0.9995	0.9947	0.9841	0.9899	0.9948	0.9934	0.9935	0.9724	1.0000	0.9820	0.9926	0.9926	0.9998	0.9603	0.9603	0.9571	0.9444	0.9965	0.9881	0.9942	0.9337	0.9445	0.0000	0.9996	0.9573	0.9981	0.9664	0.9962	0.9775	1.0000	0.9108	0.9996	0.9863	0.9634	0.9957	0.9940	0.9980	0.9782	0.9946	0.9932	0.8797	0.9661	1.0000	1.0000	0.9989	0.9858	0.9408	0.9552	0.9416	0.9603	0.9488	0.9362	0.8975	0.9917
0.9940	0.9690	0.9662	1.0000	0.9224	0.9375	0.9921	0.9923	0.9660	0.9528	0.9999	0.9981	1.0000	0.8851	0.9565	0.9668	0.9695	0.9954	0.9412	0.9438	0.9503	0.9457	0.9918	0.9965	0.9886	0.8760	0.8734	0.9996	0.0000	0.9982	0.9766	0.9960	0.9781	0.9967	0.9990	0.9829	0.9940	0.9969	0.9998	0.9955	0.9982	0.9915	0.9752	0.9974	0.9511	0.9858	0.9926	0.9956	0.9956	0.9697	0.9905	0.9290	0.9971	0.9800	0.9677	0.9970	0.9435	0.9773	0.9963
1.0000	0.9982	0.9882	0.9323	0.9989	1.0000	0.9306	0.9520	0.9988	0.9985	0.9986	0.9774	0.9993	0.9978	0.9994	1.0000	0.9993	0.9988	0.9779	0.9756	0.9966	0.9888	0.9861	0.9969	0.9975	0.9971	0.9980	0.9573	0.9982	0.0000	0.9955	0.9742	0.9999	0.9991	0.9989	0.9633	0.9705	0.9566	0.9782	0.9705	0.9998	0.9953	0.9998	0.9954	0.9939	0.9805	0.9138	0.9479	0.9479	1.0000	0.9769	0.9958	0.9519	0.9792	0.9989	0.9751	0.9953	0.9756	0.9986
0.9988	0.9697	0.9999	0.9739	0.9892	0.9944	0.9966	0.9908	0.9575	0.9980	0.9863	0.9700	0.9543	0.9986	0.9973	0.9941	0.9981	0.9257	1.0000	0.9998	0.9996	0.9992	1.0000	0.9749	0.9548	0.9991	0.9979	0.9981	0.9766	0.9955	0.0000	0.9998	0.9979	0.9879	0.9985	0.9838	0.9950	0.9773	0.9190	0.9570	0.9636	1.0000	0.9987	0.9371	0.9700	0.9628	0.9999	0.9782	0.9782	0.9992	0.9910	0.9976	0.9784	0.9955	0.9998	0.9665	0.9619	0.9989	0.9923
0.9802	0.9802	0.9836	0.9915	0.9999	0.9994	0.9687	0.9551	0.9942	0.9993	0.9840	0.9187	0.9733	1.0000	0.8792	0.9737	0.9999	0.9726	0.9971	0.9990	0.9984	0.9946	0.9707	0.9592	0.9927	0.9572	0.9620	0.9664	0.9960	0.9742	0.9998	0.0000	0.9958	0.2139	0.9920	0.9964	0.9669	0.9926	0.8936	0.9938	0.9951	0.9928	0.9579	0.9474	0.9266	0.9935	1.0000	0.9954	0.9954	0.9848	0.9858	0.9592	0.9632	0.9953	0.9897	0.8109	0.9934	0.9738	0.9955
0.9949	0.9720	0.9514	0.9877	0.9986	0.9927	0.9984	0.9899	0.9891	0.9931	0.9758	0.9920	0.9995	0.9862	0.9765	0.9650	0.9733	0.9893	0.9947	0.9968	0.9846	0.9955	0.9995	0.9937	0.9937	0.9985	0.9962	0.9962	0.9781	0.9999	0.9979	0.9958	0.0000	0.9965	0.9976	0.9955	0.9883	0.9574	0.9997	0.9818	0.9991	0.9736	0.9965	0.8805	0.9963	0.9971	0.9999	0.9611	0.9611	0.8673	0.9408	0.9795	0.9832	0.9674	0.8949	0.9882	0.9947	0.9998	0.9937
0.9942	0.9602	0.9862	0.9462	0.9954	0.9984	0.9545	0.9348	0.9923	0.9930	0.9974	0.9543	0.9871	0.9896	0.9319	0.9964	0.9869	0.9296	0.9943	0.9995	0.9955	0.9965	0.9771	0.9638	0.9944	0.9965	0.9976	0.9775	0.9967	0.9991	0.9879	0.2139	0.9965	0.0000	0.9825	0.9859	0.9888	0.9488	0.8768	0.9787	0.9612	0.9880	0.9956	0.9505	0.9188	1.0000	0.9952	0.9828	0.9828	0.9925	0.9957	0.9472	0.9524	0.9786	0.9999	0.7788	0.9969	0.9501	0.9938
0.8472	0.9986	0.9966	0.9804	0.9864	0.9885	0.9979	0.9845	0.9896	0.9943	0.9693	0.9997	0.9998	0.9970	0.9906	0.9474	0.9818	0.9965	0.9928	0.9956	0.9661	0.9944	0.9932	0.9920	0.9984	0.9515	0.9302	1.0000	0.9990	0.9989	0.9985	0.9920	0.9976	0.9825	0.0000	0.9992	0.9985	0.9984	0.9992	0.9910	0.9248	0.9833	0.9668	0.9984	0.9849	0.9908	0.9864	0.9890	0.9890	0.9866	1.0000	0.9878	0.9937	0.9998	0.9955	0.9928	0.9929	0.9901	0.9816
0.9986	0.9975	0.9994	0.9949	0.9913	0.9968	0.9967	0.9797	0.9805	0.9996	0.9996	0.9758	0.9972	0.9879	0.9993	0.9932	0.9962	0.9899	0.9998	1.0000	0.9988	0.9956	0.9674	0.9612	0.9496	0.9928	0.9876	0.9108	0.9829	0.9633	0.9838	0.9964	0.9955	0.9859	0.9992	0.0000	0.9968	0.9761	0.9996	1.0000	0.9999	0.9996	0.9968	0.9928	0.9675	0.9613	0.9997	0.9953	0.9953	0.9982	0.9359	0.9992	0.9946	0.9905	0.9854	0.9970	0.9965	0.9772	0.9705
0.9936	0.9999	0.9685	0.9835	1.0000	0.9980	0.9998	0.9999	0.9972	0.9780	0.8906	0.9999	0.9999	0.9851	0.9790	0.9961	0.9937	0.9999	0.9994	0.9991	0.9948	0.9971	0.9701	0.9384	0.9390	0.9991	0.9957	0.9996	0.9940	0.9705	0.9950	0.9669	0.9883	0.9888	0.9985	0.9968	0.0000	0.9175	0.9754	0.9888	0.9887	0.9640	0.9997	0.9998	0.9978	0.9746	0.9931	0.9726	0.9726	0.9948	0.9984	0.9947	0.9954	0.9803	0.9881	0.9690	0.9904	0.9867	0.9931
0.9986	0.9349	0.9874	0.9993	0.9750	0.9959	0.9982	0.9610	0.9820	0.9921	0.9444	0.9961	0.9957	0.9744	0.9973	0.9957	0.9783	0.9796	0.9998	0.9984	1.0000	0.9971	0.9999	0.9977	0.9846	0.9915	0.9875	0.9863	0.9969	0.9566	0.9773	0.9926	0.9574	0.9488	0.9984	0.9761	0.9175	0.0000	0.9434	0.9918	0.9989	0.9732	0.9650	0.9808	0.9661	0.9821	1.0000	0.9996	0.9996	0.9942	0.9971	0.9786	0.9800	0.9986	0.9950	0.9792	0.9989	0.9956	0.9601
0.9937	0.9692	0.9988	0.9995	0.9824	1.0000	0.9965	0.9277	0.9826	0.9885	0.9914	0.8800	0.8167	0.9819	0.9864	0.9990	0.9955	0.9965	0.9659	0.9794	0.9664	0.9822	0.8502	0.8482	0.9099	0.9999	0.9969	0.9634	0.9998	0.9782	0.9190	0.8936	0.9997	0.8768	0.9992	0.9996	0.9754	0.9434	0.0000	0.8828	0.9019	0.8976	0.9992	0.9416	0.9887	0.9944	0.9918	0.9519	0.9519	0.9981	0.9653	0.9846	0.9992	0.9658	0.9978	0.9998	0.9878	0.9987	0.9688
0.9992	0.9915	0.9149	0.9997	0.9884	0.9116	0.9826	0.9991	0.9984	0.9907	0.9751	0.9698	0.9597	0.9870	0.9966	0.9997	0.9968	0.9778	0.9906	0.9906	0.9936	0.9953	0.9985	0.9989	0.9921	0.9995	0.9966	0.9957	0.9955	0.9705	0.9570	0.9938	0.9818	0.9787	0.9910	1.0000	0.9888	0.9918	0.8828	0.0000	0.9200	0.9827	0.9919	0.9880	0.9942	0.9998	0.9974	0.9990	0.9990	0.9993	0.9970	0.9818	0.9998	0.9904	0.9965	0.9889	0.9988	0.9910	0.9683
0.9632	0.9988	0.9807	0.9736	0.9942	0.9865	0.9988	0.9903	0.9704	0.9994	0.9243	0.9956	0.9997	0.9973	0.9996	0.9956	0.9956	1.0000	0.9957	0.9957	0.9999	0.9994	0.9975	1.0000	0.9999	0.9111	0.9338	0.9940	0.9982	0.9998	0.9636	0.9951	0.9991	0.9612	0.9248	0.9999	0.9887	0.9989	0.9019	0.9200	0.0000	0.9827	0.9912	1.0000	0.9812	0.9955	0.9948	0.9966	0.9966	0.9827	0.9832	0.9786	0.9992	0.9955	0.9682	0.9900	0.9532	0.9999	0.9998
0.9944	0.9910	0.9962	0.9993	0.9938	0.9963	0.9879	0.9791	0.9956	0.9525	0.9950	0.9787	0.9554	0.9862	0.9802	0.9952	0.9952	0.9788	0.9109	0.9109	0.9653	0.9663	0.9731	0.9957	0.9984	0.9676	0.9716	0.9980	0.9915	0.9953	1.0000	0.9928	0.9736	0.9880	0.9833	0.9996	0.9640	0.9732	0.8976	0.9827	0.9827	0.0000	0.9994	0.9979	0.9368	0.9991	0.9971	0.9937	0.9937	0.9895	0.9999	0.9995	0.8924	0.9964	0.9813	0.9989	0.9622	0.9768	0.9968
0.9964	0.9990	0.9970	0.8973	0.9985	0.9977	0.9660	0.9996	0.9916	0.9573	0.8624	0.9933	0.9996	0.9917	0.9886	0.9984	0.9992	0.9886	0.9986	0.9986	0.9963	0.9971	0.9962	0.9998	0.9988	0.9811	0.9983	0.9782	0.9752	0.9998	0.9987	0.9579	0.9965	0.9956	0.9668	0.9968	0.9997	0.9650	0.9992	0.9919	0.9912	0.9994	0.0000	0.9629	0.9732	0.9983	0.9697	0.9781	0.9781	0.9998	0.9639	0.9730	0.9845	0.9995	0.9918	0.9944	0.9883	0.9993	0.9901
1.0000	0.9901	0.9912	0.9947	0.9631	0.9760	0.9996	0.9999	0.9972	0.9955	0.9758	0.9934	0.9962	0.9998	0.9913	0.9999	0.9999	0.9976	0.9992	0.9992	0.9976	0.9981	0.9963	0.9832	0.9691	0.9748	0.9912	0.9946	0.9974	0.9954	0.9371	0.9474	0.8805	0.9505	0.9984	0.9928	0.9998	0.9808	0.9416	0.9880	1.0000	0.9979	0.9629	0.0000	0.9745	0.9995	0.9991	0.8802	0.8802	0.9925	0.8516	0.9912	0.9901	0.9688	0.8844	0.9938	0.9551	1.0000	0.9863
0.9935	0.9753	0.9725	0.9971	0.9962	0.9929	0.9994	0.9970	0.9687	0.9762	0.9987	0.9953	1.0000	0.9893	0.9863	1.0000	1.0000	0.9971	0.9629	0.9629	0.9768	0.9710	0.9580	0.9931	0.9971	0.9740	0.9973	0.9932	0.9511	0.9939	0.9700	0.9266	0.9963	0.9188	0.9849	0.9675	0.9978	0.9661	0.9887	0.9942	0.9812	0.9368	0.9732	0.9745	0.0000	0.9990	0.9998	0.9545	0.9545	0.9930	0.9525	0.9841	0.9964	0.9922	0.9861	0.9717	0.9649	0.9998	0.9819
0.9998	0.9998	0.9920	0.9675	0.9870	0.9813	0.9778	0.9946	0.9998	0.9401	0.9861	0.9461	0.9853	0.9992	0.9340	0.9737	0.9737	0.9997	0.9961	0.9961	0.9894	0.9875	0.9942	0.9938	0.9906	0.9990	0.9979	0.8797	0.9858	0.9805	0.9628	0.9935	0.9971	1.0000	0.9908	0.9613	0.9746	0.9821	0.9944	0.9998	0.9955	0.9991	0.9983	0.9995	0.9990	0.0000	0.9999	0.9986	0.9986	0.9713	0.9996	0.4941	0.9850	0.6297	1.0000	0.9923	0.9996	0.5318	0.9963
0.9914	0.9963	0.9935	0.9626	1.0000	0.9597	0.9175	0.9466	0.9975	0.9972	0.9944	0.9340	0.8864	0.9947	0.9945	0.9970	0.9970	0.9955	0.9830	0.9830	0.9910	0.9893	0.9968	1.0000	0.9997	0.9455	0.9411	0.9661	0.9926	0.9138	0.9999	1.0000	0.9999	0.9952	0.9864	0.9997	0.9931	1.0000	0.9918	0.9974	0.9948	0.9971	0.9697	0.9991	0.9998	0.9999	0.0000	0.9994	0.9994	0.9835	0.9989	0.9942	0.9449	0.9973	0.9973	0.9688	0.9998	0.9998	0.9952
0.9900	0.9987	0.9996	0.9838	0.9995	1.0000	0.9999	0.9885	0.9754	0.9992	0.9762	0.9699	0.9672	0.9964	0.9999	0.9831	0.9946	0.9906	0.9991	0.9991	1.0000	0.9999	0.9990	0.9954	0.9921	0.9969	0.9979	1.0000	0.9956	0.9479	0.9782	0.9954	0.9611	0.9828	0.9890	0.9953	0.9726	0.9996	0.9519	0.9990	0.9966	0.9937	0.9781	0.8802	0.9545	0.9986	0.9994	0.0000	0.0548	0.9977	0.3013	0.9900	0.9950	0.9900	0.8450	0.9642	0.8299	0.9996	0.9929
0.9900	0.9987	0.9996	0.9838	0.9995	1.0000	0.9999	0.9885	0.9754	0.9992	0.9762	0.9699	0.9672	0.9964	0.9999	0.9831	0.9946	0.9906	0.9991	0.9991	1.0000	0.9999	0.9990	0.9954	0.9921	0.9969	0.9979	1.0000	0.9956	0.9479	0.9782	0.9954	0.9611	0.9828	0.9890	0.9953	0.9726	0.9996	0.9519	0.9990	0.9966	0.9937	0.9781	0.8802	0.9545	0.9986	0.9994	0.0548	0.0000	0.9998	0.3458	0.9942	0.9950	0.9900	0.8450	0.9642	0.8299	0.9996	0.9929
0.9334	0.9106	0.9501	0.9965	0.9800	0.9758	0.9530	0.9682	0.9947	0.9053	1.0000	0.9981	0.9993	1.0000	0.9930	1.0000	0.9979	0.9649	0.9919	0.9919	0.9839	0.9811	0.9993	0.9996	0.9998	0.9249	0.9460	0.9989	0.9697	1.0000	0.9992	0.9848	0.8673	0.9925	0.9866	0.9982	0.9948	0.9942	0.9981	0.9993	0.9827	0.9895	0.9998	0.9925	0.9930	0.9713	0.9835	0.9977	0.9998	0.0000	0.9977	0.9715	0.9987	0.9696	0.9966	0.9811	0.9976	0.9630	0.9977
0.9804	1.0000	0.9999	0.9897	0.9982	0.9992	0.9947	0.9915	0.9819	0.9999	0.9961	0.9973	0.9957	0.9744	0.9975	0.9596	0.9781	0.9792	0.9993	0.9993	0.9995	0.9991	0.9588	0.9338	0.9281	0.9865	0.9999	0.9858	0.9905	0.9769	0.9910	0.9858	0.9408	0.9957	1.0000	0.9359	0.9984	0.9971	0.9653	0.9970	0.9832	0.9999	0.9639	0.8516	0.9525	0.9996	0.9989	0.3013	0.3458	0.9977	0.0000	0.9984	0.9972	0.9908	0.7741	0.9729	0.8348	0.9970	0.9961
0.9908	0.9937	0.9863	0.9857	0.9927	0.9946	0.9945	0.9996	0.9958	0.9352	0.9949	0.9820	1.0000	0.9873	0.9965	0.9982	0.9928	0.9907	0.9940	0.9940	0.9976	0.9984	0.9948	0.9997	0.9991	0.9957	0.9990	0.9408	0.9290	0.9958	0.9976	0.9592	0.9795	0.9472	0.9878	0.9992	0.9947	0.9786	0.9846	0.9818	0.9786	0.9995	0.9730	0.9912	0.9841	0.4941	0.9942	0.9900	0.9942	0.9715	0.9984	0.0000	0.9769	0.5349	0.9925	0.9875	0.9985	0.6386	0.9728
0.9989	0.9963	0.9924	0.9866	0.9989	0.9988	0.9963	0.9980	0.9579	0.9652	0.9821	1.0000	0.9847	0.9967	0.9884	0.9908	0.9908	0.9939	0.9927	0.9927	0.9936	0.9933	0.9993	0.9999	0.9994	0.9855	0.9880	0.9552	0.9971	0.9519	0.9784	0.9632	0.9832	0.9524	0.9937	0.9946	0.9954	0.9800	0.9992	0.9998	0.9992	0.8924	0.9845	0.9901	0.9964	0.9850	0.9449	0.9950	0.9950	0.9987	0.9972	0.9769	0.0000	0.9701	0.9882	0.5076	0.9532	0.9867	0.9990
0.9939	0.9966	0.9917	0.9817	0.9906	0.9966	0.9998	0.9539	0.9944	0.9829	0.9997	0.9793	0.9949	1.0000	0.9974	0.9767	0.9943	0.9731	0.9966	0.9978	0.9986	0.9966	0.9928	0.9985	0.9999	0.9836	0.9986	0.9416	0.9800	0.9792	0.9955	0.9953	0.9674	0.9786	0.9998	0.9905	0.9803	0.9986	0.9658	0.9904	0.9955	0.9964	0.9995	0.9688	0.9922	0.6297	0.9973	0.9900	0.9900	0.9696	0.9908	0.5349	0.9701	0.0000	0.9989	0.9702	0.9905	0.7549	0.9815
0.9857	0.9972	0.9991	0.9894	0.9387	0.9793	0.9962	0.9772	0.9842	0.9455	0.9747	0.9962	0.9985	0.9827	0.9495	0.9375	0.9524	0.9796	0.8781	0.8748	0.9111	0.8973	1.0000	0.9813	0.9906	0.9978	0.9999	0.9603	0.9677	0.9989	0.9998	0.9897	0.8949	0.9999	0.9955	0.9854	0.9881	0.9950	0.9978	0.9965	0.9682	0.9813	0.9918	0.8844	0.9861	1.0000	0.9973	0.8450	0.8450	0.9966	0.7741	0.9925	0.9882	0.9989	0.0000	0.9860	0.3760	0.9806	0.9874
0.9986	0.9699	0.9158	0.9960	0.9898	0.9766	0.9980	0.8959	0.9669	0.9604	0.9826	1.0000	0.9815	0.9978	0.9891	0.9870	0.9907	0.9931	0.9921	0.9846	0.9867	0.9928	0.9978	0.9998	0.9468	0.9913	0.9930	0.9488	0.9970	0.9751	0.9665	0.8109	0.9882	0.7788	0.9928	0.9970	0.9690	0.9792	0.9998	0.9889	0.9900	0.9989	0.9944	0.9938	0.9717	0.9923	0.9688	0.9642	0.9642	0.9811	0.9729	0.9875	0.5076	0.9702	0.9860	0.0000	0.9987	0.9926	0.9994
0.9979	0.9710	0.9962	0.9998	0.9887	0.9577	0.9933	0.9961	0.9893	0.9652	0.9992	0.9984	0.9997	0.9706	0.9929	0.9964	0.9795	0.9616	0.9591	0.9505	0.9918	0.9663	0.9976	0.9837	0.9908	0.9962	0.9937	0.9362	0.9435	0.9953	0.9619	0.9934	0.9947	0.9969	0.9929	0.9965	0.9904	0.9989	0.9878	0.9988	0.9532	0.9622	0.9883	0.9551	0.9649	0.9996	0.9998	0.8299	0.8299	0.9976	0.8348	0.9985	0.9532	0.9905	0.3760	0.9987	0.0000	0.9823	0.9809
0.9718	0.9999	0.9676	0.9611	0.9822	0.9679	0.9660	0.9906	0.9983	0.9931	0.9935	0.9977	0.9603	0.9941	1.0000	0.9993	0.9993	0.9898	0.9956	0.9956	0.9994	0.9997	0.9999	0.9929	0.9891	0.9896	0.9934	0.8975	0.9773	0.9756	0.9989	0.9738	0.9998	0.9501	0.9901	0.9772	0.9867	0.9956	0.9987	0.9910	0.9999	0.9768	0.9993	1.0000	0.9998	0.5318	0.9998	0.9996	0.9996	0.9630	0.9970	0.6386	0.9867	0.7549	0.9806	0.9926	0.9823	0.0000	0.9950
0.9980	0.9965	0.9948	0.9911	0.9973	0.9995	0.9960	0.9981	0.9953	0.9952	0.9600	0.9860	0.9764	0.9694	0.9918	0.9939	0.9939	0.9931	0.9905	0.9905	0.9917	0.9913	0.9628	0.9565	0.9641	0.9830	0.9814	0.9917	0.9963	0.9986	0.9923	0.9955	0.9937	0.9938	0.9816	0.9705	0.9931	0.9601	0.9688	0.9683	0.9998	0.9968	0.9901	0.9863	0.9819	0.9963	0.9952	0.9929	0.9929	0.9977	0.9961	0.9728	0.9990	0.9815	0.9874	0.9994	0.9809	0.9950	0.0000
