Sim1	Sim2	Sim3	Sim4	Sim5	Sim6	Sim7	Sim8	Sim10	Sim12	Sim15	Sim16	Sim22	Sim24	Sim25	Sim27	Sim30	Sim31	Sim38	Sim39	Sim42	Sim45	Sim47	Sim50	Sim51	Sim52	Sim55	Sim56	Sim58	Sim60
0.0000	0.5410	0.5169	0.5153	0.2830	0.2738	0.0465	0.2816	0.2815	0.0588	0.2723	0.2924	0.0634	0.2983	0.2747	0.0634	0.2935	0.2982	0.2803	0.0411	0.0690	0.2920	0.0584	0.2783	0.2670	0.0660	0.2914	0.2731	0.3048	0.0460
0.5410	0.0000	0.0566	0.0565	0.2880	0.3019	0.5438	0.2944	0.3151	0.5156	0.3001	0.2680	0.5160	0.2679	0.3080	0.5099	0.2696	0.2793	0.2841	0.5403	0.5093	0.2866	0.5118	0.3041	0.3127	0.5068	0.2863	0.2973	0.2500	0.5470
0.5169	0.0566	0.0000	0.0177	0.2753	0.2769	0.5195	0.2660	0.2830	0.5484	0.2842	0.2739	0.5491	0.2956	0.2800	0.5433	0.2999	0.3071	0.2735	0.5196	0.5344	0.2699	0.5388	0.2825	0.2798	0.5390	0.2661	0.2764	0.2801	0.5185
0.5153	0.0565	0.0177	0.0000	0.2682	0.2665	0.5102	0.2557	0.2770	0.5456	0.2748	0.2730	0.5422	0.2979	0.2724	0.5388	0.3018	0.3017	0.2658	0.5181	0.5349	0.2689	0.5336	0.2790	0.2755	0.5422	0.2636	0.2744	0.2770	0.5135
0.2830	0.2880	0.2753	0.2682	0.0000	0.1154	0.2910	0.1218	0.1356	0.2984	0.0980	0.1223	0.3003	0.1282	0.1808	0.2998	0.1345	0.1510	0.1060	0.2916	0.2997	0.1903	0.2919	0.1435	0.1246	0.3005	0.1117	0.1083	0.1440	0.2953
0.2738	0.3019	0.2769	0.2665	0.1154	0.0000	0.2848	0.1331	0.1417	0.2999	0.1174	0.1513	0.3007	0.1479	0.1929	0.2979	0.1601	0.1656	0.1210	0.2806	0.3074	0.2028	0.2999	0.1357	0.1355	0.3071	0.1385	0.1154	0.1686	0.2841
0.0465	0.5438	0.5195	0.5102	0.2910	0.2848	0.0000	0.2889	0.2709	0.0710	0.2779	0.3047	0.0725	0.2986	0.2697	0.0743	0.2932	0.2963	0.2874	0.0562	0.0678	0.3086	0.0594	0.2818	0.2731	0.0736	0.2981	0.2871	0.3038	0.0563
0.2816	0.2944	0.2660	0.2557	0.1218	0.1331	0.2889	0.0000	0.1485	0.3026	0.1313	0.1480	0.3040	0.1640	0.2048	0.2976	0.1682	0.1792	0.1332	0.2845	0.3066	0.2061	0.2991	0.1538	0.1528	0.3053	0.1463	0.1294	0.1796	0.2948
0.2815	0.3151	0.2830	0.2770	0.1356	0.1417	0.2709	0.1485	0.0000	0.2976	0.1473	0.1584	0.2987	0.1549	0.1955	0.2969	0.1720	0.1771	0.1500	0.2723	0.2963	0.2060	0.2904	0.1541	0.1482	0.3052	0.1535	0.1470	0.1683	0.2763
0.0588	0.5156	0.5484	0.5456	0.2984	0.2999	0.0710	0.3026	0.2976	0.0000	0.2883	0.2933	0.0360	0.2726	0.2942	0.0347	0.2691	0.2728	0.2914	0.0643	0.0394	0.3152	0.0384	0.2854	0.2905	0.0421	0.3134	0.3036	0.2787	0.0756
0.2723	0.3001	0.2842	0.2748	0.0980	0.1174	0.2779	0.1313	0.1473	0.2883	0.0000	0.1345	0.2943	0.1450	0.1825	0.2864	0.1449	0.1643	0.1075	0.2681	0.2918	0.1859	0.2891	0.1360	0.1373	0.2920	0.1234	0.1144	0.1573	0.2793
0.2924	0.2680	0.2739	0.2730	0.1223	0.1513	0.3047	0.1480	0.1584	0.2933	0.1345	0.0000	0.2950	0.1314	0.2134	0.2932	0.1395	0.1656	0.1310	0.2985	0.2987	0.1973	0.2966	0.1591	0.1576	0.2979	0.1378	0.1353	0.1625	0.3105
0.0634	0.5160	0.5491	0.5422	0.3003	0.3007	0.0725	0.3040	0.2987	0.0360	0.2943	0.2950	0.0000	0.2747	0.2898	0.0364	0.2706	0.2721	0.2958	0.0745	0.0454	0.3241	0.0326	0.2966	0.2913	0.0455	0.3201	0.3103	0.2831	0.0810
0.2983	0.2679	0.2956	0.2979	0.1282	0.1479	0.2986	0.1640	0.1549	0.2726	0.1450	0.1314	0.2747	0.0000	0.2206	0.2718	0.1305	0.1434	0.1325	0.3044	0.2692	0.2286	0.2751	0.1527	0.1603	0.2777	0.1550	0.1402	0.1430	0.3069
0.2747	0.3080	0.2800	0.2724	0.1808	0.1929	0.2697	0.2048	0.1955	0.2942	0.1825	0.2134	0.2898	0.2206	0.0000	0.2968	0.2312	0.2222	0.1862	0.2812	0.2904	0.1767	0.2823	0.2200	0.2169	0.2927	0.2007	0.2006	0.2240	0.2765
0.0634	0.5099	0.5433	0.5388	0.2998	0.2979	0.0743	0.2976	0.2969	0.0347	0.2864	0.2932	0.0364	0.2718	0.2968	0.0000	0.2648	0.2719	0.2947	0.0690	0.0388	0.3162	0.0381	0.2896	0.2905	0.0427	0.3135	0.3049	0.2765	0.0767
0.2935	0.2696	0.2999	0.3018	0.1345	0.1601	0.2932	0.1682	0.1720	0.2691	0.1449	0.1395	0.2706	0.1305	0.2312	0.2648	0.0000	0.1590	0.1389	0.3026	0.2709	0.2233	0.2683	0.1627	0.1787	0.2714	0.1641	0.1474	0.1350	0.3090
0.2982	0.2793	0.3071	0.3017	0.1510	0.1656	0.2963	0.1792	0.1771	0.2728	0.1643	0.1656	0.2721	0.1434	0.2222	0.2719	0.1590	0.0000	0.1569	0.3049	0.2691	0.2367	0.2634	0.1817	0.1882	0.2798	0.1829	0.1660	0.1526	0.3026
0.2803	0.2841	0.2735	0.2658	0.1060	0.1210	0.2874	0.1332	0.1500	0.2914	0.1075	0.1310	0.2958	0.1325	0.1862	0.2947	0.1389	0.1569	0.0000	0.2814	0.2964	0.1844	0.2915	0.1404	0.1454	0.2972	0.1296	0.1147	0.1515	0.2914
0.0411	0.5403	0.5196	0.5181	0.2916	0.2806	0.0562	0.2845	0.2723	0.0643	0.2681	0.2985	0.0745	0.3044	0.2812	0.0690	0.3026	0.3049	0.2814	0.0000	0.0737	0.2927	0.0723	0.2662	0.2742	0.0720	0.2935	0.2837	0.3094	0.0523
0.0690	0.5093	0.5344	0.5349	0.2997	0.3074	0.0678	0.3066	0.2963	0.0394	0.2918	0.2987	0.0454	0.2692	0.2904	0.0388	0.2709	0.2691	0.2964	0.0737	0.0000	0.3081	0.0360	0.2922	0.2905	0.0459	0.3165	0.3052	0.2792	0.0694
0.2920	0.2866	0.2699	0.2689	0.1903	0.2028	0.3086	0.2061	0.2060	0.3152	0.1859	0.1973	0.3241	0.2286	0.1767	0.3162	0.2233	0.2367	0.1844	0.2927	0.3081	0.0000	0.3137	0.2084	0.2090	0.3177	0.1938	0.1882	0.2189	0.2960
0.0584	0.5118	0.5388	0.5336	0.2919	0.2999	0.0594	0.2991	0.2904	0.0384	0.2891	0.2966	0.0326	0.2751	0.2823	0.0381	0.2683	0.2634	0.2915	0.0723	0.0360	0.3137	0.0000	0.2925	0.2921	0.0460	0.3122	0.3028	0.2678	0.0688
0.2783	0.3041	0.2825	0.2790	0.1435	0.1357	0.2818	0.1538	0.1541	0.2854	0.1360	0.1591	0.2966	0.1527	0.2200	0.2896	0.1627	0.1817	0.1404	0.2662	0.2922	0.2084	0.2925	0.0000	0.1517	0.2958	0.1655	0.1327	0.1774	0.2825
0.2670	0.3127	0.2798	0.2755	0.1246	0.1355	0.2731	0.1528	0.1482	0.2905	0.1373	0.1576	0.2913	0.1603	0.2169	0.2905	0.1787	0.1882	0.1454	0.2742	0.2905	0.2090	0.2921	0.1517	0.0000	0.2917	0.1493	0.1462	0.1784	0.2779
0.0660	0.5068	0.5390	0.5422	0.3005	0.3071	0.0736	0.3053	0.3052	0.0421	0.2920	0.2979	0.0455	0.2777	0.2927	0.0427	0.2714	0.2798	0.2972	0.0720	0.0459	0.3177	0.0460	0.2958	0.2917	0.0000	0.3091	0.3041	0.2857	0.0847
0.2914	0.2863	0.2661	0.2636	0.1117	0.1385	0.2981	0.1463	0.1535	0.3134	0.1234	0.1378	0.3201	0.1550	0.2007	0.3135	0.1641	0.1829	0.1296	0.2935	0.3165	0.1938	0.3122	0.1655	0.1493	0.3091	0.0000	0.1369	0.1705	0.3105
0.2731	0.2973	0.2764	0.2744	0.1083	0.1154	0.2871	0.1294	0.1470	0.3036	0.1144	0.1353	0.3103	0.1402	0.2006	0.3049	0.1474	0.1660	0.1147	0.2837	0.3052	0.1882	0.3028	0.1327	0.1462	0.3041	0.1369	0.0000	0.1570	0.2872
0.3048	0.2500	0.2801	0.2770	0.1440	0.1686	0.3038	0.1796	0.1683	0.2787	0.1573	0.1625	0.2831	0.1430	0.2240	0.2765	0.1350	0.1526	0.1515	0.3094	0.2792	0.2189	0.2678	0.1774	0.1784	0.2857	0.1705	0.1570	0.0000	0.3099
0.0460	0.5470	0.5185	0.5135	0.2953	0.2841	0.0563	0.2948	0.2763	0.0756	0.2793	0.3105	0.0810	0.3069	0.2765	0.0767	0.3090	0.3026	0.2914	0.0523	0.0694	0.2960	0.0688	0.2825	0.2779	0.0847	0.3105	0.2872	0.3099	0.0000
