Sim1	Sim2	Sim3	Sim4	Sim5	Sim6	Sim7	Sim8	Sim9	Sim10	Sim11	Sim12	Sim13	Sim14	Sim15	Sim16	Sim17	Sim18	Sim19	Sim20	Sim21	Sim22	Sim23	Sim24	Sim25	Sim26	Sim27	Sim28	Sim29	Sim30	Sim31	Sim32	Sim33	Sim34	Sim35	Sim36	Sim37	Sim38	Sim39	Sim40	Sim41	Sim42	Sim43	Sim44	Sim45	Sim46	Sim47	Sim48	Sim49	Sim50	Sim51	Sim52	Sim53	Sim54	Sim55	Sim56	Sim57	Sim58	Sim59	Sim60
0.0000	0.4399	0.4405	0.4370	0.2640	0.2709	0.1038	0.3010	0.3155	0.2972	0.2869	0.1129	0.3057	0.4664	0.2827	0.2911	0.2765	0.2959	0.3008	0.4795	0.4759	0.0825	0.2940	0.2934	0.2308	0.4579	0.1200	0.3088	0.4800	0.2753	0.2901	0.3144	0.2930	0.2860	0.4652	0.2996	0.2918	0.3045	0.1029	0.2876	0.4613	0.1241	0.2884	0.4481	0.2578	0.4493	0.0872	0.3130	0.4716	0.3062	0.2724	0.1215	0.2900	0.4543	0.2855	0.2914	0.3057	0.2951	0.2928	0.1370
0.4399	0.0000	0.0444	0.0306	0.2209	0.2045	0.4335	0.2132	0.5117	0.2018	0.5035	0.4209	0.5265	0.2922	0.2291	0.2115	0.5127	0.5243	0.5133	0.2853	0.2724	0.4327	0.5178	0.2091	0.2866	0.3153	0.4252	0.5008	0.2863	0.2117	0.2115	0.5051	0.5447	0.2239	0.2960	0.5050	0.5201	0.1987	0.4104	0.5160	0.3049	0.4099	0.5349	0.2669	0.2650	0.2961	0.4591	0.4874	0.2960	0.2149	0.2233	0.4136	0.5052	0.2970	0.2111	0.1993	0.5165	0.2142	0.5357	0.4094
0.4405	0.0444	0.0000	0.0312	0.2203	0.2149	0.4251	0.2050	0.5113	0.1988	0.5087	0.4302	0.5327	0.2880	0.2143	0.2204	0.5103	0.5073	0.5359	0.2984	0.2901	0.4474	0.5279	0.2005	0.2648	0.3002	0.4305	0.5181	0.2998	0.2148	0.1984	0.5143	0.5347	0.2188	0.2975	0.5134	0.5080	0.1871	0.4180	0.5113	0.2945	0.4232	0.5368	0.2637	0.2584	0.2903	0.4465	0.4958	0.2700	0.2094	0.2167	0.4101	0.5291	0.2984	0.2039	0.1889	0.5174	0.2047	0.5438	0.4129
0.4370	0.0306	0.0312	0.0000	0.2143	0.2108	0.4248	0.2068	0.5065	0.2028	0.5012	0.4223	0.5206	0.2822	0.2186	0.2108	0.5082	0.5128	0.5204	0.2928	0.2788	0.4367	0.5186	0.2032	0.2779	0.3011	0.4334	0.5090	0.2925	0.2154	0.1988	0.5088	0.5392	0.2080	0.2907	0.5113	0.5073	0.1938	0.4168	0.5015	0.2933	0.4160	0.5376	0.2641	0.2635	0.2853	0.4472	0.4892	0.2793	0.2050	0.2211	0.4175	0.5148	0.2912	0.2167	0.1957	0.5113	0.2109	0.5354	0.4161
0.2640	0.2209	0.2203	0.2143	0.0000	0.0909	0.2829	0.1266	0.4466	0.1150	0.4123	0.2753	0.4281	0.3034	0.1032	0.1208	0.4115	0.4125	0.4192	0.3266	0.3144	0.2562	0.4118	0.1148	0.2289	0.3229	0.2900	0.4319	0.3108	0.1067	0.1305	0.4339	0.4329	0.1139	0.3093	0.4332	0.4158	0.1132	0.2816	0.4113	0.2926	0.2737	0.4419	0.3031	0.2521	0.2938	0.2776	0.4365	0.3204	0.1251	0.1178	0.2830	0.4164	0.2926	0.1190	0.1168	0.4307	0.1263	0.4324	0.2908
0.2709	0.2045	0.2149	0.2108	0.0909	0.0000	0.2990	0.1303	0.4642	0.1322	0.4260	0.2950	0.4517	0.3005	0.0977	0.1292	0.4282	0.4287	0.4332	0.3350	0.3065	0.2792	0.4193	0.1339	0.2402	0.3159	0.3078	0.4392	0.3089	0.1061	0.1427	0.4522	0.4397	0.1251	0.3160	0.4484	0.4241	0.1244	0.2945	0.4215	0.3002	0.3062	0.4380	0.3124	0.2687	0.3005	0.3031	0.4578	0.3248	0.1217	0.1151	0.3031	0.4235	0.2925	0.1191	0.1180	0.4465	0.1353	0.4536	0.3123
0.1038	0.4335	0.4251	0.4248	0.2829	0.2990	0.0000	0.2700	0.2857	0.2767	0.3313	0.1092	0.3111	0.4727	0.2809	0.2706	0.3197	0.3147	0.3317	0.4550	0.4547	0.1082	0.3111	0.2687	0.2558	0.4758	0.0937	0.3030	0.5023	0.3098	0.2706	0.3081	0.3126	0.2984	0.4555	0.2896	0.3161	0.2641	0.0872	0.3058	0.4510	0.1148	0.3410	0.4538	0.2418	0.4724	0.1001	0.3027	0.4634	0.2673	0.2993	0.1064	0.3105	0.4650	0.3053	0.2708	0.2965	0.2662	0.3156	0.0992
0.3010	0.2132	0.2050	0.2068	0.1266	0.1303	0.2700	0.0000	0.4381	0.1230	0.4384	0.2849	0.4391	0.3178	0.1252	0.1199	0.4534	0.4461	0.4613	0.3243	0.3034	0.2943	0.4431	0.1303	0.2631	0.3375	0.2824	0.4339	0.3425	0.1602	0.1321	0.4477	0.4536	0.1465	0.3101	0.4327	0.4505	0.1125	0.2779	0.4338	0.3070	0.2885	0.4723	0.3168	0.2613	0.3256	0.3064	0.4361	0.3239	0.1097	0.1569	0.2830	0.4469	0.3095	0.1542	0.1109	0.4273	0.1148	0.4675	0.2752
0.3155	0.5117	0.5113	0.5065	0.4466	0.4642	0.2857	0.4381	0.0000	0.4229	0.2024	0.3107	0.1691	0.3547	0.4426	0.4355	0.2114	0.2028	0.2008	0.3382	0.3242	0.3228	0.1944	0.4380	0.3550	0.3464	0.3029	0.1529	0.3710	0.4570	0.4373	0.1758	0.1773	0.4510	0.3353	0.1549	0.1963	0.4179	0.3072	0.1938	0.3305	0.3093	0.2170	0.3542	0.3464	0.3654	0.3117	0.1900	0.3580	0.4333	0.4498	0.3068	0.2044	0.3463	0.4503	0.4338	0.1585	0.4376	0.2011	0.2915
0.2972	0.2018	0.1988	0.2028	0.1150	0.1322	0.2767	0.1230	0.4229	0.0000	0.4355	0.2730	0.4364	0.3180	0.1248	0.1163	0.4228	0.4413	0.4533	0.3098	0.3029	0.2936	0.4255	0.1293	0.2502	0.3219	0.2731	0.4259	0.3382	0.1442	0.1291	0.4393	0.4485	0.1508	0.3061	0.4290	0.4295	0.1149	0.2859	0.4268	0.3089	0.2788	0.4669	0.3027	0.2461	0.3149	0.2943	0.4297	0.3172	0.1145	0.1333	0.2792	0.4373	0.3178	0.1495	0.1091	0.4232	0.1242	0.4521	0.2751
0.2869	0.5035	0.5087	0.5012	0.4123	0.4260	0.3313	0.4384	0.2024	0.4355	0.0000	0.3173	0.1869	0.3483	0.4358	0.4413	0.1859	0.1838	0.1875	0.3530	0.3327	0.3140	0.1847	0.4345	0.3489	0.3200	0.3459	0.1859	0.3472	0.4189	0.4476	0.1804	0.1705	0.4280	0.3333	0.1826	0.1927	0.4445	0.3219	0.1927	0.3238	0.3216	0.1915	0.3612	0.3709	0.3228	0.3104	0.2148	0.3391	0.4468	0.4355	0.3293	0.1928	0.3272	0.4420	0.4266	0.1888	0.4379	0.1814	0.3510
0.1129	0.4209	0.4302	0.4223	0.2753	0.2950	0.1092	0.2849	0.3107	0.2730	0.3173	0.0000	0.3277	0.4683	0.2957	0.2735	0.3041	0.3236	0.3232	0.4609	0.4552	0.1152	0.3093	0.2956	0.2743	0.4733	0.1313	0.3108	0.4749	0.2925	0.2893	0.3145	0.3310	0.3038	0.4464	0.3046	0.3126	0.2900	0.1362	0.3099	0.4568	0.1133	0.3403	0.4462	0.2459	0.4553	0.1144	0.3230	0.4675	0.2902	0.2931	0.1228	0.3059	0.4669	0.3131	0.2971	0.3126	0.2835	0.3190	0.1241
0.3057	0.5265	0.5327	0.5206	0.4281	0.4517	0.3111	0.4391	0.1691	0.4364	0.1869	0.3277	0.0000	0.3715	0.4485	0.4374	0.2053	0.1885	0.1936	0.3366	0.3425	0.3200	0.1814	0.4441	0.3591	0.3487	0.3313	0.1596	0.3690	0.4370	0.4457	0.1615	0.1646	0.4390	0.3391	0.1754	0.1936	0.4357	0.3143	0.1996	0.3388	0.3190	0.1931	0.3622	0.3697	0.3360	0.3196	0.1995	0.3390	0.4454	0.4550	0.3187	0.1916	0.3447	0.4553	0.4447	0.1638	0.4485	0.1845	0.3259
0.4664	0.2922	0.2880	0.2822	0.3034	0.3005	0.4727	0.3178	0.3547	0.3180	0.3483	0.4683	0.3715	0.0000	0.2807	0.3271	0.3566	0.3327	0.3326	0.1791	0.1537	0.4654	0.3310	0.3279	0.3607	0.1667	0.4711	0.3464	0.1731	0.3149	0.3269	0.3532	0.3500	0.2973	0.1733	0.3510	0.3549	0.3188	0.4705	0.3419	0.1477	0.4880	0.3604	0.1918	0.3691	0.1679	0.4657	0.3570	0.1698	0.3093	0.3099	0.4763	0.3494	0.1372	0.3160	0.3253	0.3583	0.3206	0.3600	0.4760
0.2827	0.2291	0.2143	0.2186	0.1032	0.0977	0.2809	0.1252	0.4426	0.1248	0.4358	0.2957	0.4485	0.2807	0.0000	0.1222	0.4341	0.4236	0.4412	0.3254	0.3194	0.2805	0.4129	0.1300	0.2415	0.3257	0.2837	0.4390	0.3245	0.1181	0.1407	0.4547	0.4377	0.1163	0.3114	0.4433	0.4341	0.1101	0.2873	0.4230	0.2932	0.3065	0.4458	0.3114	0.2617	0.3061	0.2852	0.4476	0.3285	0.1143	0.1207	0.3033	0.4256	0.2906	0.1222	0.1185	0.4415	0.1175	0.4516	0.2960
0.2911	0.2115	0.2204	0.2108	0.1208	0.1292	0.2706	0.1199	0.4355	0.1163	0.4413	0.2735	0.4374	0.3271	0.1222	0.0000	0.4408	0.4458	0.4477	0.3026	0.3056	0.2815	0.4415	0.1302	0.2678	0.3404	0.2731	0.4229	0.3423	0.1455	0.1255	0.4467	0.4542	0.1485	0.3045	0.4322	0.4485	0.1197	0.2702	0.4404	0.3225	0.2781	0.4651	0.3018	0.2629	0.3221	0.3018	0.4258	0.3277	0.1208	0.1473	0.2677	0.4364	0.3185	0.1507	0.1148	0.4178	0.1272	0.4643	0.2808
0.2765	0.5127	0.5103	0.5082	0.4115	0.4282	0.3197	0.4534	0.2114	0.4228	0.1859	0.3041	0.2053	0.3566	0.4341	0.4408	0.0000	0.1787	0.1808	0.3590	0.3574	0.3110	0.1916	0.4342	0.3236	0.3361	0.3399	0.1948	0.3555	0.4142	0.4297	0.1984	0.1949	0.4168	0.3482	0.1860	0.1953	0.4502	0.3213	0.1937	0.3354	0.3195	0.1874	0.3690	0.3528	0.3417	0.2849	0.2121	0.3589	0.4586	0.4262	0.3250	0.1993	0.3445	0.4363	0.4340	0.1977	0.4495	0.1973	0.3303
0.2959	0.5243	0.5073	0.5128	0.4125	0.4287	0.3147	0.4461	0.2028	0.4413	0.1838	0.3236	0.1885	0.3327	0.4236	0.4458	0.1787	0.0000	0.1749	0.3592	0.3465	0.3150	0.1771	0.4278	0.3337	0.3267	0.3470	0.1920	0.3591	0.4322	0.4357	0.1846	0.1769	0.4249	0.3445	0.1743	0.1926	0.4435	0.3143	0.1891	0.3196	0.3351	0.1918	0.3735	0.3596	0.3259	0.2932	0.2102	0.3386	0.4522	0.4352	0.3380	0.1954	0.3243	0.4374	0.4273	0.1842	0.4419	0.1775	0.3369
0.3008	0.5133	0.5359	0.5204	0.4192	0.4332	0.3317	0.4613	0.2008	0.4533	0.1875	0.3232	0.1936	0.3326	0.4412	0.4477	0.1808	0.1749	0.0000	0.3440	0.3299	0.3141	0.1800	0.4374	0.3616	0.3277	0.3463	0.1782	0.3283	0.4219	0.4607	0.1854	0.1791	0.4357	0.3357	0.1766	0.1891	0.4487	0.3193	0.2005	0.3190	0.3281	0.1841	0.3547	0.3798	0.3324	0.3044	0.1997	0.3491	0.4594	0.4420	0.3392	0.1843	0.3155	0.4447	0.4478	0.1875	0.4605	0.1840	0.3464
0.4795	0.2853	0.2984	0.2928	0.3266	0.3350	0.4550	0.3243	0.3382	0.3098	0.3530	0.4609	0.3366	0.1791	0.3254	0.3026	0.3590	0.3592	0.3440	0.0000	0.1545	0.4701	0.3362	0.3265	0.3891	0.1900	0.4494	0.3221	0.2002	0.3388	0.3278	0.3431	0.3630	0.3268	0.1594	0.3368	0.3468	0.3161	0.4613	0.3675	0.1687	0.4592	0.3557	0.1760	0.3676	0.1702	0.4784	0.3267	0.1746	0.3256	0.3188	0.4505	0.3546	0.1674	0.3439	0.3258	0.3239	0.3197	0.3571	0.4696
0.4759	0.2724	0.2901	0.2788	0.3144	0.3065	0.4547	0.3034	0.3242	0.3029	0.3327	0.4552	0.3425	0.1537	0.3194	0.3056	0.3574	0.3465	0.3299	0.1545	0.0000	0.4699	0.3416	0.3157	0.3594	0.1526	0.4636	0.3017	0.1608	0.3187	0.3170	0.3173	0.3433	0.3314	0.1468	0.3171	0.3555	0.2982	0.4586	0.3380	0.1361	0.4645	0.3528	0.1640	0.3686	0.1589	0.4937	0.3259	0.1493	0.3121	0.3315	0.4452	0.3407	0.1241	0.3282	0.3074	0.3206	0.3058	0.3558	0.4548
0.0825	0.4327	0.4474	0.4367	0.2562	0.2792	0.1082	0.2943	0.3228	0.2936	0.3140	0.1152	0.3200	0.4654	0.2805	0.2815	0.3110	0.3150	0.3141	0.4701	0.4699	0.0000	0.3072	0.2848	0.2536	0.4658	0.1272	0.3198	0.4905	0.2797	0.2930	0.3194	0.3201	0.2870	0.4618	0.3184	0.3275	0.2997	0.1160	0.3003	0.4569	0.1326	0.3222	0.4677	0.2572	0.4423	0.1025	0.3223	0.4798	0.2916	0.2867	0.1253	0.2983	0.4595	0.2941	0.2935	0.3242	0.2980	0.3030	0.1346
0.2940	0.5178	0.5279	0.5186	0.4118	0.4193	0.3111	0.4431	0.1944	0.4255	0.1847	0.3093	0.1814	0.3310	0.4129	0.4415	0.1916	0.1771	0.1800	0.3362	0.3416	0.3072	0.0000	0.4434	0.3522	0.3308	0.3255	0.1708	0.3396	0.4180	0.4548	0.1852	0.1851	0.4220	0.3370	0.1738	0.1873	0.4438	0.3245	0.1776	0.3244	0.3314	0.1848	0.3539	0.3665	0.3378	0.2981	0.2085	0.3555	0.4462	0.4378	0.3378	0.1844	0.3218	0.4428	0.4480	0.1788	0.4334	0.1671	0.3302
0.2934	0.2091	0.2005	0.2032	0.1148	0.1339	0.2687	0.1303	0.4380	0.1293	0.4345	0.2956	0.4441	0.3279	0.1300	0.1302	0.4342	0.4278	0.4374	0.3265	0.3157	0.2848	0.4434	0.0000	0.2446	0.3368	0.2859	0.4286	0.3398	0.1451	0.1332	0.4380	0.4440	0.1467	0.3216	0.4273	0.4409	0.1143	0.2754	0.4260	0.3067	0.2729	0.4654	0.3116	0.2490	0.3159	0.2943	0.4324	0.3233	0.1295	0.1503	0.2865	0.4367	0.3196	0.1447	0.1125	0.4385	0.1347	0.4584	0.2813
0.2308	0.2866	0.2648	0.2779	0.2289	0.2402	0.2558	0.2631	0.3550	0.2502	0.3489	0.2743	0.3591	0.3607	0.2415	0.2678	0.3236	0.3337	0.3616	0.3891	0.3594	0.2536	0.3522	0.2446	0.0000	0.3597	0.2687	0.3635	0.3742	0.2351	0.2516	0.3571	0.3551	0.2583	0.3716	0.3397	0.3317	0.2465	0.2582	0.3374	0.3498	0.2753	0.3584	0.3604	0.1736	0.3556	0.2349	0.3566	0.3470	0.2565	0.2465	0.2647	0.3467	0.3495	0.2490	0.2432	0.3594	0.2632	0.3535	0.2702
0.4579	0.3153	0.3002	0.3011	0.3229	0.3159	0.4758	0.3375	0.3464	0.3219	0.3200	0.4733	0.3487	0.1667	0.3257	0.3404	0.3361	0.3267	0.3277	0.1900	0.1526	0.4658	0.3308	0.3368	0.3597	0.0000	0.4942	0.3398	0.1684	0.3250	0.3324	0.3569	0.3349	0.3102	0.1584	0.3451	0.3259	0.3308	0.4858	0.3401	0.1395	0.4937	0.3200	0.1869	0.3979	0.1490	0.4680	0.3534	0.1608	0.3344	0.3155	0.4779	0.3442	0.1430	0.3332	0.3232	0.3405	0.3393	0.3402	0.4867
0.1200	0.4252	0.4305	0.4334	0.2900	0.3078	0.0937	0.2824	0.3029	0.2731	0.3459	0.1313	0.3313	0.4711	0.2837	0.2731	0.3399	0.3470	0.3463	0.4494	0.4636	0.1272	0.3255	0.2859	0.2687	0.4942	0.0000	0.3149	0.5099	0.2985	0.2807	0.3271	0.3348	0.2976	0.4580	0.3102	0.3422	0.2767	0.1077	0.3277	0.4789	0.1298	0.3581	0.4544	0.2508	0.4715	0.1151	0.3207	0.4833	0.2719	0.2955	0.1341	0.3176	0.4734	0.3023	0.2794	0.3076	0.2731	0.3356	0.1179
0.3088	0.5008	0.5181	0.5090	0.4319	0.4392	0.3030	0.4339	0.1529	0.4259	0.1859	0.3108	0.1596	0.3464	0.4390	0.4229	0.1948	0.1920	0.1782	0.3221	0.3017	0.3198	0.1708	0.4286	0.3635	0.3398	0.3149	0.0000	0.3516	0.4400	0.4358	0.1545	0.1738	0.4473	0.3167	0.1379	0.1842	0.4182	0.3108	0.1953	0.3207	0.3196	0.1964	0.3410	0.3665	0.3379	0.3232	0.1922	0.3444	0.4345	0.4455	0.3171	0.1808	0.3313	0.4534	0.4326	0.1582	0.4283	0.1723	0.3222
0.4800	0.2863	0.2998	0.2925	0.3108	0.3089	0.5023	0.3425	0.3710	0.3382	0.3472	0.4749	0.3690	0.1731	0.3245	0.3423	0.3555	0.3591	0.3283	0.2002	0.1608	0.4905	0.3396	0.3398	0.3742	0.1684	0.5099	0.3516	0.0000	0.3060	0.3527	0.3704	0.3556	0.3259	0.1833	0.3603	0.3465	0.3395	0.5016	0.3575	0.1559	0.4861	0.3502	0.1940	0.3958	0.1770	0.5020	0.3715	0.1989	0.3481	0.3199	0.4916	0.3540	0.1503	0.3147	0.3394	0.3628	0.3443	0.3719	0.4940
0.2753	0.2117	0.2148	0.2154	0.1067	0.1061	0.3098	0.1602	0.4570	0.1442	0.4189	0.2925	0.4370	0.3149	0.1181	0.1455	0.4142	0.4322	0.4219	0.3388	0.3187	0.2797	0.4180	0.1451	0.2351	0.3250	0.2985	0.4400	0.3060	0.0000	0.1494	0.4415	0.4349	0.1390	0.3225	0.4529	0.4206	0.1360	0.2983	0.4196	0.3116	0.2863	0.4390	0.2974	0.2775	0.3023	0.2968	0.4387	0.3231	0.1482	0.1235	0.3018	0.4205	0.3084	0.1171	0.1387	0.4408	0.1476	0.4445	0.3092
0.2901	0.2115	0.1984	0.1988	0.1305	0.1427	0.2706	0.1321	0.4373	0.1291	0.4476	0.2893	0.4457	0.3269	0.1407	0.1255	0.4297	0.4357	0.4607	0.3278	0.3170	0.2930	0.4548	0.1332	0.2516	0.3324	0.2807	0.4358	0.3527	0.1494	0.0000	0.4573	0.4590	0.1454	0.3204	0.4473	0.4417	0.1238	0.2712	0.4431	0.3289	0.2774	0.4658	0.3077	0.2676	0.3358	0.2947	0.4340	0.3292	0.1309	0.1543	0.2841	0.4639	0.3351	0.1619	0.1117	0.4287	0.1416	0.4741	0.2792
0.3144	0.5051	0.5143	0.5088	0.4339	0.4522	0.3081	0.4477	0.1758	0.4393	0.1804	0.3145	0.1615	0.3532	0.4547	0.4467	0.1984	0.1846	0.1854	0.3431	0.3173	0.3194	0.1852	0.4380	0.3571	0.3569	0.3271	0.1545	0.3704	0.4415	0.4573	0.0000	0.1808	0.4599	0.3440	0.1423	0.1988	0.4312	0.3123	0.1910	0.3461	0.3093	0.2068	0.3686	0.3413	0.3421	0.3236	0.1861	0.3450	0.4479	0.4745	0.3080	0.1810	0.3332	0.4630	0.4387	0.1701	0.4421	0.1908	0.3180
0.2930	0.5447	0.5347	0.5392	0.4329	0.4397	0.3126	0.4536	0.1773	0.4485	0.1705	0.3310	0.1646	0.3500	0.4377	0.4542	0.1949	0.1769	0.1791	0.3630	0.3433	0.3201	0.1851	0.4440	0.3551	0.3349	0.3348	0.1738	0.3556	0.4349	0.4590	0.1808	0.0000	0.4482	0.3606	0.1732	0.1852	0.4497	0.3213	0.1623	0.3281	0.3317	0.1779	0.3612	0.3817	0.3378	0.3050	0.2074	0.3498	0.4530	0.4424	0.3299	0.1828	0.3316	0.4401	0.4394	0.1735	0.4493	0.1906	0.3347
0.2860	0.2239	0.2188	0.2080	0.1139	0.1251	0.2984	0.1465	0.4510	0.1508	0.4280	0.3038	0.4390	0.2973	0.1163	0.1485	0.4168	0.4249	0.4357	0.3268	0.3314	0.2870	0.4220	0.1467	0.2583	0.3102	0.2976	0.4473	0.3259	0.1390	0.1454	0.4599	0.4482	0.0000	0.3176	0.4485	0.4249	0.1412	0.2948	0.4262	0.3043	0.2994	0.4472	0.3046	0.2772	0.2987	0.2910	0.4372	0.3172	0.1397	0.1280	0.3127	0.4329	0.2994	0.1360	0.1408	0.4492	0.1446	0.4429	0.3150
0.4652	0.2960	0.2975	0.2907	0.3093	0.3160	0.4555	0.3101	0.3353	0.3061	0.3333	0.4464	0.3391	0.1733	0.3114	0.3045	0.3482	0.3445	0.3357	0.1594	0.1468	0.4618	0.3370	0.3216	0.3716	0.1584	0.4580	0.3167	0.1833	0.3225	0.3204	0.3440	0.3606	0.3176	0.0000	0.3401	0.3590	0.3036	0.4679	0.3469	0.1505	0.4613	0.3525	0.1893	0.3720	0.1584	0.4741	0.3458	0.1596	0.3108	0.3142	0.4526	0.3514	0.1506	0.3365	0.3145	0.3202	0.3194	0.3472	0.4730
0.2996	0.5050	0.5134	0.5113	0.4332	0.4484	0.2896	0.4327	0.1549	0.4290	0.1826	0.3046	0.1754	0.3510	0.4433	0.4322	0.1860	0.1743	0.1766	0.3368	0.3171	0.3184	0.1738	0.4273	0.3397	0.3451	0.3102	0.1379	0.3603	0.4529	0.4473	0.1423	0.1732	0.4485	0.3401	0.0000	0.1928	0.4257	0.2945	0.1829	0.3376	0.3018	0.1903	0.3591	0.3324	0.3501	0.3036	0.1592	0.3366	0.4386	0.4555	0.2937	0.1734	0.3287	0.4541	0.4260	0.1550	0.4208	0.1870	0.2974
0.2918	0.5201	0.5080	0.5073	0.4158	0.4241	0.3161	0.4505	0.1963	0.4295	0.1927	0.3126	0.1936	0.3549	0.4341	0.4485	0.1953	0.1926	0.1891	0.3468	0.3555	0.3275	0.1873	0.4409	0.3317	0.3259	0.3422	0.1842	0.3465	0.4206	0.4417	0.1988	0.1852	0.4249	0.3590	0.1928	0.0000	0.4378	0.3352	0.2039	0.3381	0.3243	0.1910	0.3525	0.3639	0.3471	0.2956	0.2262	0.3548	0.4395	0.4240	0.3356	0.2009	0.3361	0.4261	0.4367	0.1956	0.4451	0.1838	0.3246
0.3045	0.1987	0.1871	0.1938	0.1132	0.1244	0.2641	0.1125	0.4179	0.1149	0.4445	0.2900	0.4357	0.3188	0.1101	0.1197	0.4502	0.4435	0.4487	0.3161	0.2982	0.2997	0.4438	0.1143	0.2465	0.3308	0.2767	0.4182	0.3395	0.1360	0.1238	0.4312	0.4497	0.1412	0.3036	0.4257	0.4378	0.0000	0.2727	0.4305	0.3060	0.2822	0.4674	0.3051	0.2427	0.3173	0.3117	0.4258	0.3138	0.1024	0.1355	0.2763	0.4320	0.3040	0.1266	0.1005	0.4151	0.1082	0.4606	0.2762
0.1029	0.4104	0.4180	0.4168	0.2816	0.2945	0.0872	0.2779	0.3072	0.2859	0.3219	0.1362	0.3143	0.4705	0.2873	0.2702	0.3213	0.3143	0.3193	0.4613	0.4586	0.1160	0.3245	0.2754	0.2582	0.4858	0.1077	0.3108	0.5016	0.2983	0.2712	0.3123	0.3213	0.2948	0.4679	0.2945	0.3352	0.2727	0.0000	0.3195	0.4710	0.1307	0.3248	0.4549	0.2372	0.4777	0.1194	0.3007	0.4656	0.2806	0.3027	0.1293	0.3172	0.4651	0.3005	0.2682	0.3110	0.2796	0.3301	0.1162
0.2876	0.5160	0.5113	0.5015	0.4113	0.4215	0.3058	0.4338	0.1938	0.4268	0.1927	0.3099	0.1996	0.3419	0.4230	0.4404	0.1937	0.1891	0.2005	0.3675	0.3380	0.3003	0.1776	0.4260	0.3374	0.3401	0.3277	0.1953	0.3575	0.4196	0.4431	0.1910	0.1623	0.4262	0.3469	0.1829	0.2039	0.4305	0.3195	0.0000	0.3168	0.3273	0.2078	0.3809	0.3460	0.3336	0.2950	0.2273	0.3541	0.4367	0.4339	0.3284	0.1922	0.3322	0.4269	0.4319	0.1982	0.4370	0.1893	0.3230
0.4613	0.3049	0.2945	0.2933	0.2926	0.3002	0.4510	0.3070	0.3305	0.3089	0.3238	0.4568	0.3388	0.1477	0.2932	0.3225	0.3354	0.3196	0.3190	0.1687	0.1361	0.4569	0.3244	0.3067	0.3498	0.1395	0.4789	0.3207	0.1559	0.3116	0.3289	0.3461	0.3281	0.3043	0.1505	0.3376	0.3381	0.3060	0.4710	0.3168	0.0000	0.4703	0.3421	0.1769	0.3766	0.1450	0.4606	0.3456	0.1509	0.3219	0.3074	0.4655	0.3346	0.1158	0.3155	0.3158	0.3331	0.3151	0.3338	0.4662
0.1241	0.4099	0.4232	0.4160	0.2737	0.3062	0.1148	0.2885	0.3093	0.2788	0.3216	0.1133	0.3190	0.4880	0.3065	0.2781	0.3195	0.3351	0.3281	0.4592	0.4645	0.1326	0.3314	0.2729	0.2753	0.4937	0.1298	0.3196	0.4861	0.2863	0.2774	0.3093	0.3317	0.2994	0.4613	0.3018	0.3243	0.2822	0.1307	0.3273	0.4703	0.0000	0.3393	0.4411	0.2602	0.4742	0.1358	0.3100	0.4736	0.2968	0.2962	0.1218	0.3239	0.4802	0.3072	0.2904	0.3162	0.2850	0.3324	0.1288
0.2884	0.5349	0.5368	0.5376	0.4419	0.4380	0.3410	0.4723	0.2170	0.4669	0.1915	0.3403	0.1931	0.3604	0.4458	0.4651	0.1874	0.1918	0.1841	0.3557	0.3528	0.3222	0.1848	0.4654	0.3584	0.3200	0.3581	0.1964	0.3502	0.4390	0.4658	0.2068	0.1779	0.4472	0.3525	0.1903	0.1910	0.4674	0.3248	0.2078	0.3421	0.3393	0.0000	0.3699	0.3869	0.3381	0.3263	0.2252	0.3577	0.4809	0.4411	0.3407	0.2028	0.3346	0.4502	0.4573	0.1974	0.4725	0.1851	0.3574
0.4481	0.2669	0.2637	0.2641	0.3031	0.3124	0.4538	0.3168	0.3542	0.3027	0.3612	0.4462	0.3622	0.1918	0.3114	0.3018	0.3690	0.3735	0.3547	0.1760	0.1640	0.4677	0.3539	0.3116	0.3604	0.1869	0.4544	0.3410	0.1940	0.2974	0.3077	0.3686	0.3612	0.3046	0.1893	0.3591	0.3525	0.3051	0.4549	0.3809	0.1769	0.4411	0.3699	0.0000	0.3644	0.1747	0.4743	0.3535	0.1764	0.3176	0.2944	0.4357	0.3687	0.1765	0.3042	0.2985	0.3383	0.3124	0.3721	0.4565
0.2578	0.2650	0.2584	0.2635	0.2521	0.2687	0.2418	0.2613	0.3464	0.2461	0.3709	0.2459	0.3697	0.3691	0.2617	0.2629	0.3528	0.3596	0.3798	0.3676	0.3686	0.2572	0.3665	0.2490	0.1736	0.3979	0.2508	0.3665	0.3958	0.2775	0.2676	0.3413	0.3817	0.2772	0.3720	0.3324	0.3639	0.2427	0.2372	0.3460	0.3766	0.2602	0.3869	0.3644	0.0000	0.3707	0.2456	0.3455	0.3613	0.2586	0.2740	0.2532	0.3628	0.3808	0.2760	0.2465	0.3707	0.2644	0.3767	0.2365
0.4493	0.2961	0.2903	0.2853	0.2938	0.3005	0.4724	0.3256	0.3654	0.3149	0.3228	0.4553	0.3360	0.1679	0.3061	0.3221	0.3417	0.3259	0.3324	0.1702	0.1589	0.4423	0.3378	0.3159	0.3556	0.1490	0.4715	0.3379	0.1770	0.3023	0.3358	0.3421	0.3378	0.2987	0.1584	0.3501	0.3471	0.3173	0.4777	0.3336	0.1450	0.4742	0.3381	0.1747	0.3707	0.0000	0.4650	0.3613	0.1626	0.3151	0.2987	0.4689	0.3328	0.1363	0.3070	0.3174	0.3366	0.3361	0.3352	0.4784
0.0872	0.4591	0.4465	0.4472	0.2776	0.3031	0.1001	0.3064	0.3117	0.2943	0.3104	0.1144	0.3196	0.4657	0.2852	0.3018	0.2849	0.2932	0.3044	0.4784	0.4937	0.1025	0.2981	0.2943	0.2349	0.4680	0.1151	0.3232	0.5020	0.2968	0.2947	0.3236	0.3050	0.2910	0.4741	0.3036	0.2956	0.3117	0.1194	0.2950	0.4606	0.1358	0.3263	0.4743	0.2456	0.4650	0.0000	0.3229	0.4828	0.3027	0.2948	0.1408	0.3018	0.4629	0.3100	0.3027	0.3133	0.3009	0.3054	0.1319
0.3130	0.4874	0.4958	0.4892	0.4365	0.4578	0.3027	0.4361	0.1900	0.4297	0.2148	0.3230	0.1995	0.3570	0.4476	0.4258	0.2121	0.2102	0.1997	0.3267	0.3259	0.3223	0.2085	0.4324	0.3566	0.3534	0.3207	0.1922	0.3715	0.4387	0.4340	0.1861	0.2074	0.4372	0.3458	0.1592	0.2262	0.4258	0.3007	0.2273	0.3456	0.3100	0.2252	0.3535	0.3455	0.3613	0.3229	0.0000	0.3437	0.4409	0.4488	0.3083	0.2245	0.3480	0.4561	0.4272	0.1915	0.4282	0.2122	0.3158
0.4716	0.2960	0.2700	0.2793	0.3204	0.3248	0.4634	0.3239	0.3580	0.3172	0.3391	0.4675	0.3390	0.1698	0.3285	0.3277	0.3589	0.3386	0.3491	0.1746	0.1493	0.4798	0.3555	0.3233	0.3470	0.1608	0.4833	0.3444	0.1989	0.3231	0.3292	0.3450	0.3498	0.3172	0.1596	0.3366	0.3548	0.3138	0.4656	0.3541	0.1509	0.4736	0.3577	0.1764	0.3613	0.1626	0.4828	0.3437	0.0000	0.3248	0.3330	0.4651	0.3641	0.1438	0.3319	0.3158	0.3350	0.3289	0.3776	0.4790
0.3062	0.2149	0.2094	0.2050	0.1251	0.1217	0.2673	0.1097	0.4333	0.1145	0.4468	0.2902	0.4454	0.3093	0.1143	0.1208	0.4586	0.4522	0.4594	0.3256	0.3121	0.2916	0.4462	0.1295	0.2565	0.3344	0.2719	0.4345	0.3481	0.1482	0.1309	0.4479	0.4530	0.1397	0.3108	0.4386	0.4395	0.1024	0.2806	0.4367	0.3219	0.2968	0.4809	0.3176	0.2586	0.3151	0.3027	0.4409	0.3248	0.0000	0.1486	0.2982	0.4393	0.3104	0.1382	0.1048	0.4226	0.1259	0.4692	0.2821
0.2724	0.2233	0.2167	0.2211	0.1178	0.1151	0.2993	0.1569	0.4498	0.1333	0.4355	0.2931	0.4550	0.3099	0.1207	0.1473	0.4262	0.4352	0.4420	0.3188	0.3315	0.2867	0.4378	0.1503	0.2465	0.3155	0.2955	0.4455	0.3199	0.1235	0.1543	0.4745	0.4424	0.1280	0.3142	0.4555	0.4240	0.1355	0.3027	0.4339	0.3074	0.2962	0.4411	0.2944	0.2740	0.2987	0.2948	0.4488	0.3330	0.1486	0.0000	0.3030	0.4398	0.3114	0.1203	0.1314	0.4473	0.1438	0.4444	0.3089
0.1215	0.4136	0.4101	0.4175	0.2830	0.3031	0.1064	0.2830	0.3068	0.2792	0.3293	0.1228	0.3187	0.4763	0.3033	0.2677	0.3250	0.3380	0.3392	0.4505	0.4452	0.1253	0.3378	0.2865	0.2647	0.4779	0.1341	0.3171	0.4916	0.3018	0.2841	0.3080	0.3299	0.3127	0.4526	0.2937	0.3356	0.2763	0.1293	0.3284	0.4655	0.1218	0.3407	0.4357	0.2532	0.4689	0.1408	0.3083	0.4651	0.2982	0.3030	0.0000	0.3214	0.4766	0.3120	0.2876	0.3144	0.2727	0.3283	0.1288
0.2900	0.5052	0.5291	0.5148	0.4164	0.4235	0.3105	0.4469	0.2044	0.4373	0.1928	0.3059	0.1916	0.3494	0.4256	0.4364	0.1993	0.1954	0.1843	0.3546	0.3407	0.2983	0.1844	0.4367	0.3467	0.3442	0.3176	0.1808	0.3540	0.4205	0.4639	0.1810	0.1828	0.4329	0.3514	0.1734	0.2009	0.4320	0.3172	0.1922	0.3346	0.3239	0.2028	0.3687	0.3628	0.3328	0.3018	0.2245	0.3641	0.4393	0.4398	0.3214	0.0000	0.3165	0.4370	0.4579	0.1872	0.4433	0.1911	0.3265
0.4543	0.2970	0.2984	0.2912	0.2926	0.2925	0.4650	0.3095	0.3463	0.3178	0.3272	0.4669	0.3447	0.1372	0.2906	0.3185	0.3445	0.3243	0.3155	0.1674	0.1241	0.4595	0.3218	0.3196	0.3495	0.1430	0.4734	0.3313	0.1503	0.3084	0.3351	0.3332	0.3316	0.2994	0.1506	0.3287	0.3361	0.3040	0.4651	0.3322	0.1158	0.4802	0.3346	0.1765	0.3808	0.1363	0.4629	0.3480	0.1438	0.3104	0.3114	0.4766	0.3165	0.0000	0.3054	0.3201	0.3299	0.3113	0.3522	0.4734
0.2855	0.2111	0.2039	0.2167	0.1190	0.1191	0.3053	0.1542	0.4503	0.1495	0.4420	0.3131	0.4553	0.3160	0.1222	0.1507	0.4363	0.4374	0.4447	0.3439	0.3282	0.2941	0.4428	0.1447	0.2490	0.3332	0.3023	0.4534	0.3147	0.1171	0.1619	0.4630	0.4401	0.1360	0.3365	0.4541	0.4261	0.1266	0.3005	0.4269	0.3155	0.3072	0.4502	0.3042	0.2760	0.3070	0.3100	0.4561	0.3319	0.1382	0.1203	0.3120	0.4370	0.3054	0.0000	0.1293	0.4494	0.1541	0.4586	0.3076
0.2914	0.1993	0.1889	0.1957	0.1168	0.1180	0.2708	0.1109	0.4338	0.1091	0.4266	0.2971	0.4447	0.3253	0.1185	0.1148	0.4340	0.4273	0.4478	0.3258	0.3074	0.2935	0.4480	0.1125	0.2432	0.3232	0.2794	0.4326	0.3394	0.1387	0.1117	0.4387	0.4394	0.1408	0.3145	0.4260	0.4367	0.1005	0.2682	0.4319	0.3158	0.2904	0.4573	0.2985	0.2465	0.3174	0.3027	0.4272	0.3158	0.1048	0.1314	0.2876	0.4579	0.3201	0.1293	0.0000	0.4240	0.1214	0.4626	0.2806
0.3057	0.5165	0.5174	0.5113	0.4307	0.4465	0.2965	0.4273	0.1585	0.4232	0.1888	0.3126	0.1638	0.3583	0.4415	0.4178	0.1977	0.1842	0.1875	0.3239	0.3206	0.3242	0.1788	0.4385	0.3594	0.3405	0.3076	0.1582	0.3628	0.4408	0.4287	0.1701	0.1735	0.4492	0.3202	0.1550	0.1956	0.4151	0.3110	0.1982	0.3331	0.3162	0.1974	0.3383	0.3707	0.3366	0.3133	0.1915	0.3350	0.4226	0.4473	0.3144	0.1872	0.3299	0.4494	0.4240	0.0000	0.4328	0.1929	0.3153
0.2951	0.2142	0.2047	0.2109	0.1263	0.1353	0.2662	0.1148	0.4376	0.1242	0.4379	0.2835	0.4485	0.3206	0.1175	0.1272	0.4495	0.4419	0.4605	0.3197	0.3058	0.2980	0.4334	0.1347	0.2632	0.3393	0.2731	0.4283	0.3443	0.1476	0.1416	0.4421	0.4493	0.1446	0.3194	0.4208	0.4451	0.1082	0.2796	0.4370	0.3151	0.2850	0.4725	0.3124	0.2644	0.3361	0.3009	0.4282	0.3289	0.1259	0.1438	0.2727	0.4433	0.3113	0.1541	0.1214	0.4328	0.0000	0.4621	0.2723
0.2928	0.5357	0.5438	0.5354	0.4324	0.4536	0.3156	0.4675	0.2011	0.4521	0.1814	0.3190	0.1845	0.3600	0.4516	0.4643	0.1973	0.1775	0.1840	0.3571	0.3558	0.3030	0.1671	0.4584	0.3535	0.3402	0.3356	0.1723	0.3719	0.4445	0.4741	0.1908	0.1906	0.4429	0.3472	0.1870	0.1838	0.4606	0.3301	0.1893	0.3338	0.3324	0.1851	0.3721	0.3767	0.3352	0.3054	0.2122	0.3776	0.4692	0.4444	0.3283	0.1911	0.3522	0.4586	0.4626	0.1929	0.4621	0.0000	0.3337
0.1370	0.4094	0.4129	0.4161	0.2908	0.3123	0.0992	0.2752	0.2915	0.2751	0.3510	0.1241	0.3259	0.4760	0.2960	0.2808	0.3303	0.3369	0.3464	0.4696	0.4548	0.1346	0.3302	0.2813	0.2702	0.4867	0.1179	0.3222	0.4940	0.3092	0.2792	0.3180	0.3347	0.3150	0.4730	0.2974	0.3246	0.2762	0.1162	0.3230	0.4662	0.1288	0.3574	0.4565	0.2365	0.4784	0.1319	0.3158	0.4790	0.2821	0.3089	0.1288	0.3265	0.4734	0.3076	0.2806	0.3153	0.2723	0.3337	0.0000
