Sim1	Sim2	Sim3	Sim4	Sim5	Sim6	Sim7	Sim8	Sim9	Sim10	Sim11	Sim12	Sim13	Sim14	Sim15	Sim16	Sim17	Sim18	Sim19	Sim20	Sim21	Sim22	Sim23	Sim24	Sim25	Sim26	Sim27	Sim28	Sim29	Sim30	Sim31	Sim32	Sim33	Sim34	Sim35	Sim36	Sim37	Sim38	Sim39	Sim40	Sim41	Sim42	Sim43	Sim44	Sim45	Sim46	Sim47	Sim48	Sim49	Sim50	Sim51	Sim52	Sim53	Sim54	Sim55	Sim56	Sim57	Sim58	Sim59	Sim60
0.0000	0.5928	0.5725	0.5630	0.3708	0.3633	0.1009	0.3664	0.2421	0.3939	0.2529	0.1049	0.2469	0.4870	0.3575	0.3493	0.2523	0.2809	0.2845	0.5095	0.4977	0.1199	0.2815	0.3598	0.2868	0.5110	0.1390	0.2626	0.5087	0.3891	0.3702	0.2586	0.2584	0.3930	0.4868	0.2592	0.2795	0.3594	0.0970	0.2716	0.4963	0.1396	0.2600	0.5230	0.2801	0.4784	0.1021	0.2500	0.4954	0.3968	0.3874	0.1213	0.3045	0.5092	0.3543	0.3790	0.2553	0.3670	0.2727	0.1087
0.5928	0.0000	0.0316	0.0453	0.2689	0.2523	0.5876	0.2569	0.5832	0.2632	0.5782	0.6110	0.5905	0.2398	0.2605	0.2604	0.5965	0.5875	0.5936	0.2352	0.2497	0.5818	0.5852	0.2804	0.3726	0.2336	0.5872	0.5791	0.2516	0.2697	0.2701	0.6027	0.5862	0.2388	0.2577	0.6003	0.5821	0.2686	0.5928	0.5761	0.2286	0.5971	0.5685	0.2415	0.4114	0.2447	0.5748	0.6085	0.2356	0.2633	0.2676	0.6066	0.5780	0.2356	0.2775	0.2652	0.5882	0.2700	0.5995	0.5846
0.5725	0.0316	0.0000	0.0433	0.2512	0.2434	0.5761	0.2510	0.5785	0.2527	0.5918	0.6098	0.5803	0.2446	0.2415	0.2534	0.5908	0.5908	0.5814	0.2402	0.2529	0.5669	0.5947	0.2690	0.3660	0.2457	0.5762	0.5810	0.2454	0.2539	0.2624	0.5972	0.5823	0.2358	0.2408	0.5977	0.5721	0.2507	0.5793	0.5655	0.2375	0.5836	0.5642	0.2387	0.4029	0.2495	0.5714	0.5978	0.2304	0.2543	0.2659	0.5966	0.5842	0.2346	0.2624	0.2525	0.5818	0.2659	0.6041	0.5728
0.5630	0.0453	0.0433	0.0000	0.2498	0.2427	0.5637	0.2575	0.5747	0.2575	0.5798	0.5872	0.5834	0.2478	0.2549	0.2574	0.5747	0.5813	0.5756	0.2397	0.2476	0.5519	0.5836	0.2718	0.3536	0.2435	0.5678	0.5683	0.2490	0.2672	0.2585	0.5706	0.5770	0.2348	0.2515	0.5848	0.5614	0.2558	0.5743	0.5616	0.2375	0.5750	0.5541	0.2464	0.3887	0.2555	0.5540	0.5889	0.2459	0.2533	0.2744	0.5918	0.5684	0.2495	0.2530	0.2466	0.5787	0.2726	0.5817	0.5623
0.3708	0.2689	0.2512	0.2498	0.0000	0.1372	0.3740	0.1482	0.4190	0.1169	0.4350	0.3894	0.4418	0.2806	0.1269	0.1368	0.4448	0.3947	0.4015	0.2664	0.2589	0.3341	0.4109	0.1479	0.2717	0.2650	0.3371	0.4181	0.2808	0.1436	0.1544	0.4143	0.4474	0.1159	0.2940	0.4044	0.4036	0.1139	0.3686	0.4035	0.2821	0.3581	0.4113	0.2913	0.3027	0.2814	0.3529	0.4390	0.2484	0.1348	0.1268	0.3612	0.3996	0.2560	0.1716	0.1036	0.3958	0.1535	0.4204	0.3698
0.3633	0.2523	0.2434	0.2427	0.1372	0.0000	0.3644	0.1525	0.4206	0.1619	0.4406	0.3902	0.4436	0.2894	0.1410	0.1300	0.4445	0.4404	0.4541	0.3035	0.2928	0.3511	0.4445	0.1642	0.2769	0.3000	0.3868	0.4144	0.2999	0.1692	0.1453	0.4293	0.4550	0.1560	0.2846	0.4343	0.4290	0.1476	0.3677	0.4301	0.2755	0.3990	0.4345	0.3076	0.3135	0.2740	0.3662	0.4265	0.2892	0.1729	0.1528	0.3788	0.4176	0.2946	0.1620	0.1621	0.4338	0.1441	0.4457	0.3695
0.1009	0.5876	0.5761	0.5637	0.3740	0.3644	0.0000	0.3560	0.2519	0.3784	0.2547	0.1201	0.2481	0.4882	0.3473	0.3492	0.2552	0.2850	0.2804	0.5155	0.5065	0.1266	0.2725	0.3469	0.2985	0.5106	0.1414	0.2703	0.5103	0.3814	0.3523	0.2563	0.2687	0.3728	0.4913	0.2755	0.2765	0.3677	0.1051	0.2769	0.4864	0.1569	0.2702	0.5005	0.2775	0.4752	0.0973	0.2495	0.4925	0.3847	0.3872	0.1401	0.3059	0.5014	0.3560	0.3710	0.2776	0.3550	0.2710	0.1123
0.3664	0.2569	0.2510	0.2575	0.1482	0.1525	0.3560	0.0000	0.4275	0.1664	0.4395	0.4027	0.4325	0.2866	0.1406	0.1537	0.4397	0.4418	0.4444	0.3043	0.2898	0.3637	0.4445	0.1657	0.3100	0.2985	0.3914	0.4338	0.3046	0.1773	0.1689	0.4402	0.4490	0.1807	0.2827	0.4377	0.4365	0.1514	0.3687	0.4408	0.2823	0.3880	0.4337	0.3058	0.3300	0.2557	0.3551	0.4443	0.2786	0.1748	0.1847	0.3863	0.4280	0.2830	0.1758	0.1726	0.4315	0.1734	0.4693	0.3696
0.2421	0.5832	0.5785	0.5747	0.4190	0.4206	0.2519	0.4275	0.0000	0.4209	0.1994	0.2753	0.1780	0.4008	0.4194	0.4027	0.2093	0.1921	0.1888	0.4171	0.3936	0.2879	0.2028	0.4361	0.3363	0.4138	0.2823	0.1681	0.3915	0.4317	0.4358	0.1637	0.1977	0.4335	0.3983	0.1681	0.1968	0.4123	0.2681	0.1713	0.4064	0.3007	0.1927	0.4219	0.3460	0.3903	0.2662	0.1953	0.4020	0.4451	0.4269	0.2680	0.2007	0.3978	0.4132	0.4245	0.1703	0.4311	0.1797	0.2574
0.3939	0.2632	0.2527	0.2575	0.1169	0.1619	0.3784	0.1664	0.4209	0.0000	0.4585	0.4070	0.4556	0.3042	0.1352	0.1502	0.4585	0.4188	0.4196	0.2943	0.2760	0.3504	0.4221	0.1775	0.2891	0.2786	0.3590	0.4478	0.2918	0.1421	0.1673	0.4315	0.4751	0.1373	0.3016	0.4176	0.4176	0.1255	0.3719	0.4088	0.3066	0.3771	0.4438	0.2939	0.3034	0.2928	0.3747	0.4590	0.2683	0.1406	0.1404	0.3675	0.4141	0.2660	0.1926	0.1391	0.4203	0.1636	0.4370	0.3875
0.2529	0.5782	0.5918	0.5798	0.4350	0.4406	0.2547	0.4395	0.1994	0.4585	0.0000	0.2492	0.2028	0.4189	0.4340	0.4145	0.2219	0.2114	0.2122	0.4293	0.4116	0.2959	0.1916	0.4326	0.3635	0.4136	0.2882	0.1726	0.4301	0.4546	0.4384	0.1882	0.1960	0.4571	0.4153	0.2022	0.2195	0.4458	0.2655	0.2207	0.4069	0.3086	0.2267	0.4270	0.3726	0.3949	0.2541	0.2008	0.4184	0.4764	0.4531	0.2769	0.2219	0.4238	0.4318	0.4556	0.2091	0.4159	0.1887	0.2717
0.1049	0.6110	0.6098	0.5872	0.3894	0.3902	0.1201	0.4027	0.2753	0.4070	0.2492	0.0000	0.2732	0.5195	0.3915	0.3851	0.2870	0.2900	0.2927	0.5298	0.5223	0.1328	0.2875	0.3766	0.3258	0.5169	0.1350	0.2658	0.5383	0.4007	0.3841	0.2727	0.2617	0.4089	0.5153	0.2689	0.2883	0.4055	0.1111	0.2864	0.5126	0.1435	0.2825	0.5251	0.3015	0.5088	0.1081	0.2777	0.5240	0.4055	0.3926	0.1269	0.3023	0.5301	0.3810	0.4005	0.2761	0.3751	0.2715	0.1388
0.2469	0.5905	0.5803	0.5834	0.4418	0.4436	0.2481	0.4325	0.1780	0.4556	0.2028	0.2732	0.0000	0.4085	0.4181	0.4208	0.2045	0.2207	0.1998	0.4225	0.4172	0.2920	0.2208	0.4333	0.3472	0.4405	0.2953	0.1814	0.4259	0.4467	0.4449	0.1854	0.1956	0.4538	0.3904	0.2026	0.2064	0.4521	0.2580	0.1917	0.4138	0.2968	0.2078	0.4323	0.3399	0.3911	0.2581	0.1940	0.4114	0.4787	0.4616	0.2953	0.2277	0.4152	0.4294	0.4539	0.1948	0.4335	0.1997	0.2679
0.4870	0.2398	0.2446	0.2478	0.2806	0.2894	0.4882	0.2866	0.4008	0.3042	0.4189	0.5195	0.4085	0.0000	0.2732	0.2804	0.4191	0.4397	0.4207	0.1500	0.1470	0.4966	0.4206	0.2986	0.3890	0.1615	0.5067	0.3974	0.1721	0.2898	0.3017	0.4298	0.4208	0.2866	0.1429	0.4348	0.4242	0.2912	0.4986	0.4141	0.1440	0.5051	0.4184	0.1653	0.3948	0.1529	0.4902	0.4466	0.1562	0.3046	0.2978	0.5294	0.4113	0.1476	0.2773	0.2965	0.4158	0.3094	0.4364	0.4938
0.3575	0.2605	0.2415	0.2549	0.1269	0.1410	0.3473	0.1406	0.4194	0.1352	0.4340	0.3915	0.4181	0.2732	0.0000	0.1226	0.4361	0.4295	0.4380	0.2928	0.2766	0.3743	0.4525	0.1294	0.2825	0.2875	0.3805	0.4188	0.3012	0.1518	0.1347	0.4371	0.4385	0.1511	0.2545	0.4367	0.4359	0.1381	0.3624	0.4238	0.2558	0.3921	0.4383	0.2976	0.2998	0.2559	0.3544	0.4348	0.2626	0.1557	0.1687	0.3880	0.4313	0.2601	0.1619	0.1520	0.4374	0.1362	0.4582	0.3606
0.3493	0.2604	0.2534	0.2574	0.1368	0.1300	0.3492	0.1537	0.4027	0.1502	0.4145	0.3851	0.4208	0.2804	0.1226	0.0000	0.4379	0.4175	0.4346	0.2864	0.2747	0.3570	0.4338	0.1528	0.2907	0.2868	0.3773	0.4054	0.2996	0.1654	0.1454	0.4297	0.4413	0.1531	0.2665	0.4226	0.4129	0.1372	0.3599	0.4211	0.2650	0.3858	0.4290	0.3039	0.3243	0.2495	0.3492	0.4316	0.2635	0.1684	0.1568	0.3763	0.4238	0.2719	0.1497	0.1449	0.4283	0.1417	0.4377	0.3679
0.2523	0.5965	0.5908	0.5747	0.4448	0.4445	0.2552	0.4397	0.2093	0.4585	0.2219	0.2870	0.2045	0.4191	0.4361	0.4379	0.0000	0.2303	0.2248	0.4437	0.4230	0.2930	0.2251	0.4606	0.3579	0.4312	0.3075	0.1898	0.4292	0.4714	0.4482	0.1957	0.2121	0.4542	0.4188	0.2044	0.2249	0.4486	0.2739	0.1969	0.4303	0.3034	0.2298	0.4372	0.3350	0.4147	0.2696	0.2241	0.4275	0.4752	0.4733	0.2965	0.2175	0.4382	0.4240	0.4497	0.2096	0.4408	0.2177	0.2739
0.2809	0.5875	0.5908	0.5813	0.3947	0.4404	0.2850	0.4418	0.1921	0.4188	0.2114	0.2900	0.2207	0.4397	0.4295	0.4175	0.2303	0.0000	0.1751	0.4105	0.3887	0.2812	0.1910	0.4284	0.3398	0.4068	0.2723	0.1906	0.4041	0.4130	0.4299	0.1761	0.2299	0.4366	0.4233	0.1534	0.1890	0.4070	0.2827	0.2020	0.4206	0.2896	0.1927	0.4244	0.3515	0.4110	0.2703	0.2046	0.3920	0.4451	0.4246	0.2796	0.1997	0.3889	0.4456	0.4011	0.1824	0.4366	0.1743	0.2861
0.2845	0.5936	0.5814	0.5756	0.4015	0.4541	0.2804	0.4444	0.1888	0.4196	0.2122	0.2927	0.1998	0.4207	0.4380	0.4346	0.2248	0.1751	0.0000	0.4034	0.3853	0.2869	0.1650	0.4396	0.3390	0.4039	0.2677	0.1931	0.3773	0.4107	0.4492	0.1607	0.2122	0.4293	0.4123	0.1640	0.1837	0.4130	0.2911	0.1850	0.4149	0.2839	0.2096	0.4085	0.3560	0.4108	0.2836	0.2044	0.3839	0.4386	0.4345	0.2583	0.1891	0.3789	0.4583	0.4097	0.1643	0.4468	0.1694	0.2987
0.5095	0.2352	0.2402	0.2397	0.2664	0.3035	0.5155	0.3043	0.4171	0.2943	0.4293	0.5298	0.4225	0.1500	0.2928	0.2864	0.4437	0.4105	0.4034	0.0000	0.1158	0.4835	0.4100	0.3086	0.3746	0.1457	0.4923	0.3947	0.1560	0.2698	0.3057	0.4068	0.4202	0.2874	0.1632	0.4051	0.3987	0.2832	0.5068	0.3830	0.1543	0.5052	0.4092	0.1593	0.4030	0.1456	0.4909	0.4530	0.1286	0.2900	0.2948	0.5092	0.3859	0.1261	0.2953	0.2767	0.3888	0.3159	0.4025	0.5063
0.4977	0.2497	0.2529	0.2476	0.2589	0.2928	0.5065	0.2898	0.3936	0.2760	0.4116	0.5223	0.4172	0.1470	0.2766	0.2747	0.4230	0.3887	0.3853	0.1158	0.0000	0.4718	0.3906	0.2945	0.3682	0.1183	0.4800	0.3858	0.1318	0.2551	0.2970	0.3879	0.4162	0.2758	0.1391	0.3871	0.3787	0.2638	0.5098	0.3812	0.1282	0.5020	0.3958	0.1478	0.3996	0.1452	0.4863	0.4216	0.1149	0.2817	0.2796	0.4965	0.3627	0.0940	0.2769	0.2601	0.3813	0.2990	0.3856	0.5075
0.1199	0.5818	0.5669	0.5519	0.3341	0.3511	0.1266	0.3637	0.2879	0.3504	0.2959	0.1328	0.2920	0.4966	0.3743	0.3570	0.2930	0.2812	0.2869	0.4835	0.4718	0.0000	0.2789	0.3475	0.3118	0.4805	0.1244	0.3021	0.4777	0.3498	0.3478	0.2597	0.2909	0.3637	0.5010	0.2680	0.2743	0.3440	0.1305	0.2712	0.5048	0.1306	0.2831	0.4918	0.2937	0.4887	0.1122	0.2742	0.4764	0.3545	0.3358	0.1143	0.2936	0.4875	0.3551	0.3304	0.2580	0.3604	0.2646	0.1405
0.2815	0.5852	0.5947	0.5836	0.4109	0.4445	0.2725	0.4445	0.2028	0.4221	0.1916	0.2875	0.2208	0.4206	0.4525	0.4338	0.2251	0.1910	0.1650	0.4100	0.3906	0.2789	0.0000	0.4450	0.3485	0.4016	0.2740	0.1810	0.3840	0.4277	0.4465	0.1779	0.2290	0.4268	0.4372	0.1829	0.2074	0.4219	0.2849	0.1906	0.4294	0.2802	0.1958	0.4049	0.3544	0.4180	0.2855	0.1991	0.3944	0.4392	0.4277	0.2586	0.1817	0.3958	0.4464	0.4135	0.1726	0.4401	0.1609	0.2983
0.3598	0.2804	0.2690	0.2718	0.1479	0.1642	0.3469	0.1657	0.4361	0.1775	0.4326	0.3766	0.4333	0.2986	0.1294	0.1528	0.4606	0.4284	0.4396	0.3086	0.2945	0.3475	0.4450	0.0000	0.3101	0.2950	0.3613	0.4224	0.3151	0.1637	0.1615	0.4566	0.4381	0.1793	0.2752	0.4450	0.4361	0.1660	0.3516	0.4496	0.2778	0.3753	0.4516	0.3200	0.3325	0.2849	0.3495	0.4321	0.2988	0.1744	0.1773	0.3626	0.4439	0.2905	0.1692	0.1649	0.4491	0.1464	0.4556	0.3682
0.2868	0.3726	0.3660	0.3536	0.2717	0.2769	0.2985	0.3100	0.3363	0.2891	0.3635	0.3258	0.3472	0.3890	0.2825	0.2907	0.3579	0.3398	0.3390	0.3746	0.3682	0.3118	0.3485	0.3101	0.0000	0.3938	0.3175	0.3575	0.3613	0.3116	0.3333	0.3345	0.3653	0.2905	0.3809	0.3347	0.3675	0.2733	0.3196	0.3333	0.3710	0.3356	0.3422	0.3882	0.2331	0.3761	0.3068	0.3513	0.3663	0.3040	0.3212	0.3295	0.3613	0.3588	0.3248	0.2953	0.3375	0.3019	0.3438	0.3027
0.5110	0.2336	0.2457	0.2435	0.2650	0.3000	0.5106	0.2985	0.4138	0.2786	0.4136	0.5169	0.4405	0.1615	0.2875	0.2868	0.4312	0.4068	0.4039	0.1457	0.1183	0.4805	0.4016	0.2950	0.3938	0.0000	0.4927	0.3998	0.1546	0.2600	0.2961	0.3981	0.4282	0.2698	0.1626	0.4070	0.4015	0.2802	0.5020	0.3838	0.1521	0.4995	0.4177	0.1402	0.4208	0.1646	0.4943	0.4447	0.1320	0.2869	0.2769	0.5031	0.3883	0.1225	0.2856	0.2557	0.3971	0.3090	0.4027	0.5132
0.1390	0.5872	0.5762	0.5678	0.3371	0.3868	0.1414	0.3914	0.2823	0.3590	0.2882	0.1350	0.2953	0.5067	0.3805	0.3773	0.3075	0.2723	0.2677	0.4923	0.4800	0.1244	0.2740	0.3613	0.3175	0.4927	0.0000	0.3023	0.4892	0.3642	0.3829	0.2696	0.2996	0.3666	0.5068	0.2741	0.2617	0.3672	0.1348	0.2869	0.5076	0.1445	0.2815	0.4874	0.3117	0.4938	0.1318	0.2696	0.4750	0.3663	0.3499	0.1207	0.2921	0.4781	0.3906	0.3538	0.2643	0.3642	0.2713	0.1402
0.2626	0.5791	0.5810	0.5683	0.4181	0.4144	0.2703	0.4338	0.1681	0.4478	0.1726	0.2658	0.1814	0.3974	0.4188	0.4054	0.1898	0.1906	0.1931	0.3947	0.3858	0.3021	0.1810	0.4224	0.3575	0.3998	0.3023	0.0000	0.4018	0.4362	0.4228	0.1810	0.1708	0.4355	0.3756	0.1829	0.1945	0.4278	0.2735	0.1684	0.3836	0.3037	0.2077	0.4125	0.3651	0.3680	0.2750	0.2043	0.3972	0.4523	0.4428	0.2864	0.2093	0.3971	0.4120	0.4359	0.1787	0.4172	0.1592	0.2821
0.5087	0.2516	0.2454	0.2490	0.2808	0.2999	0.5103	0.3046	0.3915	0.2918	0.4301	0.5383	0.4259	0.1721	0.3012	0.2996	0.4292	0.4041	0.3773	0.1560	0.1318	0.4777	0.3840	0.3151	0.3613	0.1546	0.4892	0.4018	0.0000	0.2680	0.3156	0.3847	0.4199	0.2686	0.1695	0.3986	0.3823	0.2930	0.5204	0.3820	0.1636	0.5058	0.3856	0.1481	0.4197	0.1690	0.5093	0.4252	0.1402	0.2787	0.2828	0.5111	0.3784	0.1240	0.2890	0.2720	0.3794	0.3206	0.3974	0.5139
0.3891	0.2697	0.2539	0.2672	0.1436	0.1692	0.3814	0.1773	0.4317	0.1421	0.4546	0.4007	0.4467	0.2898	0.1518	0.1654	0.4714	0.4130	0.4107	0.2698	0.2551	0.3498	0.4277	0.1637	0.3116	0.2600	0.3642	0.4362	0.2680	0.0000	0.1814	0.4373	0.4505	0.1711	0.2865	0.4200	0.4198	0.1437	0.3760	0.4191	0.2894	0.3801	0.4336	0.2808	0.3348	0.2697	0.3704	0.4616	0.2540	0.1725	0.1683	0.3725	0.4155	0.2488	0.2025	0.1414	0.4126	0.1711	0.4369	0.3803
0.3702	0.2701	0.2624	0.2585	0.1544	0.1453	0.3523	0.1689	0.4358	0.1673	0.4384	0.3841	0.4449	0.3017	0.1347	0.1454	0.4482	0.4299	0.4492	0.3057	0.2970	0.3478	0.4465	0.1615	0.3333	0.2961	0.3829	0.4228	0.3156	0.1814	0.0000	0.4399	0.4486	0.1846	0.2769	0.4330	0.4441	0.1657	0.3495	0.4471	0.2863	0.3875	0.4583	0.3111	0.3296	0.2795	0.3454	0.4459	0.2881	0.1634	0.1681	0.3767	0.4264	0.2940	0.1529	0.1629	0.4403	0.1389	0.4511	0.3638
0.2586	0.6027	0.5972	0.5706	0.4143	0.4293	0.2563	0.4402	0.1637	0.4315	0.1882	0.2727	0.1854	0.4298	0.4371	0.4297	0.1957	0.1761	0.1607	0.4068	0.3879	0.2597	0.1779	0.4566	0.3345	0.3981	0.2696	0.1810	0.3847	0.4373	0.4399	0.0000	0.2060	0.4320	0.4161	0.1431	0.1720	0.4169	0.2706	0.1649	0.4254	0.2808	0.1778	0.4177	0.3406	0.4059	0.2598	0.1957	0.4069	0.4405	0.4359	0.2594	0.1778	0.4039	0.4268	0.4129	0.1474	0.4467	0.1543	0.2654
0.2584	0.5862	0.5823	0.5770	0.4474	0.4550	0.2687	0.4490	0.1977	0.4751	0.1960	0.2617	0.1956	0.4208	0.4385	0.4413	0.2121	0.2299	0.2122	0.4202	0.4162	0.2909	0.2290	0.4381	0.3653	0.4282	0.2996	0.1708	0.4199	0.4505	0.4486	0.2060	0.0000	0.4714	0.3930	0.2047	0.2127	0.4691	0.2729	0.2114	0.4029	0.3080	0.2096	0.4222	0.3514	0.4002	0.2715	0.2246	0.4114	0.4825	0.4661	0.2962	0.2301	0.4188	0.4245	0.4572	0.2057	0.4263	0.2064	0.2795
0.3930	0.2388	0.2358	0.2348	0.1159	0.1560	0.3728	0.1807	0.4335	0.1373	0.4571	0.4089	0.4538	0.2866	0.1511	0.1531	0.4542	0.4366	0.4293	0.2874	0.2758	0.3637	0.4268	0.1793	0.2905	0.2698	0.3666	0.4355	0.2686	0.1711	0.1846	0.4320	0.4714	0.0000	0.2929	0.4333	0.4195	0.1390	0.3870	0.4160	0.2832	0.3800	0.4361	0.2811	0.3130	0.2887	0.3798	0.4556	0.2599	0.1653	0.1393	0.3834	0.4314	0.2626	0.1888	0.1299	0.4300	0.1606	0.4375	0.3938
0.4868	0.2577	0.2408	0.2515	0.2940	0.2846	0.4913	0.2827	0.3983	0.3016	0.4153	0.5153	0.3904	0.1429	0.2545	0.2665	0.4188	0.4233	0.4123	0.1632	0.1391	0.5010	0.4372	0.2752	0.3809	0.1626	0.5068	0.3756	0.1695	0.2865	0.2769	0.4161	0.3930	0.2929	0.0000	0.4188	0.3962	0.2953	0.4941	0.4000	0.1298	0.5224	0.4255	0.1567	0.4146	0.1433	0.4890	0.4273	0.1512	0.2952	0.3041	0.5247	0.4068	0.1332	0.2714	0.3017	0.4221	0.2756	0.4264	0.4985
0.2592	0.6003	0.5977	0.5848	0.4044	0.4343	0.2755	0.4377	0.1681	0.4176	0.2022	0.2689	0.2026	0.4348	0.4367	0.4226	0.2044	0.1534	0.1640	0.4051	0.3871	0.2680	0.1829	0.4450	0.3347	0.4070	0.2741	0.1829	0.3986	0.4200	0.4330	0.1431	0.2047	0.4333	0.4188	0.0000	0.1893	0.4018	0.2741	0.1659	0.4255	0.2788	0.1919	0.4316	0.3499	0.4073	0.2657	0.2065	0.4041	0.4369	0.4140	0.2627	0.1797	0.3960	0.4289	0.4094	0.1396	0.4471	0.1607	0.2791
0.2795	0.5821	0.5721	0.5614	0.4036	0.4290	0.2765	0.4365	0.1968	0.4176	0.2195	0.2883	0.2064	0.4242	0.4359	0.4129	0.2249	0.1890	0.1837	0.3987	0.3787	0.2743	0.2074	0.4361	0.3675	0.4015	0.2617	0.1945	0.3823	0.4198	0.4441	0.1720	0.2127	0.4195	0.3962	0.1893	0.0000	0.4223	0.2806	0.1922	0.4132	0.2955	0.1981	0.3908	0.3615	0.3915	0.2833	0.2046	0.3740	0.4338	0.4150	0.2704	0.1960	0.3832	0.4198	0.4072	0.1883	0.4400	0.1785	0.2996
0.3594	0.2686	0.2507	0.2558	0.1139	0.1476	0.3677	0.1514	0.4123	0.1255	0.4458	0.4055	0.4521	0.2912	0.1381	0.1372	0.4486	0.4070	0.4130	0.2832	0.2638	0.3440	0.4219	0.1660	0.2733	0.2802	0.3672	0.4278	0.2930	0.1437	0.1657	0.4169	0.4691	0.1390	0.2953	0.4018	0.4223	0.0000	0.3785	0.4085	0.2989	0.3745	0.4146	0.2995	0.3043	0.2926	0.3630	0.4501	0.2616	0.1450	0.1532	0.3603	0.3994	0.2710	0.1784	0.1236	0.4075	0.1763	0.4320	0.3643
0.0970	0.5928	0.5793	0.5743	0.3686	0.3677	0.1051	0.3687	0.2681	0.3719	0.2655	0.1111	0.2580	0.4986	0.3624	0.3599	0.2739	0.2827	0.2911	0.5068	0.5098	0.1305	0.2849	0.3516	0.3196	0.5020	0.1348	0.2735	0.5204	0.3760	0.3495	0.2706	0.2729	0.3870	0.4941	0.2741	0.2806	0.3785	0.0000	0.2639	0.5043	0.1511	0.2793	0.4975	0.2896	0.4812	0.1060	0.2551	0.5014	0.3862	0.3730	0.1280	0.3028	0.5076	0.3562	0.3739	0.2720	0.3569	0.2819	0.1257
0.2716	0.5761	0.5655	0.5616	0.4035	0.4301	0.2769	0.4408	0.1713	0.4088	0.2207	0.2864	0.1917	0.4141	0.4238	0.4211	0.1969	0.2020	0.1850	0.3830	0.3812	0.2712	0.1906	0.4496	0.3333	0.3838	0.2869	0.1684	0.3820	0.4191	0.4471	0.1649	0.2114	0.4160	0.4000	0.1659	0.1922	0.4085	0.2639	0.0000	0.4171	0.2830	0.2074	0.3796	0.3306	0.3943	0.2888	0.2060	0.3891	0.4275	0.4268	0.2773	0.1883	0.3888	0.4309	0.4148	0.1576	0.4423	0.1708	0.2879
0.4963	0.2286	0.2375	0.2375	0.2821	0.2755	0.4864	0.2823	0.4064	0.3066	0.4069	0.5126	0.4138	0.1440	0.2558	0.2650	0.4303	0.4206	0.4149	0.1543	0.1282	0.5048	0.4294	0.2778	0.3710	0.1521	0.5076	0.3836	0.1636	0.2894	0.2863	0.4254	0.4029	0.2832	0.1298	0.4255	0.4132	0.2989	0.5043	0.4171	0.0000	0.5258	0.4209	0.1607	0.4089	0.1358	0.4813	0.4405	0.1363	0.2956	0.3041	0.5244	0.4013	0.1241	0.2734	0.2889	0.4242	0.2774	0.4313	0.4981
0.1396	0.5971	0.5836	0.5750	0.3581	0.3990	0.1569	0.3880	0.3007	0.3771	0.3086	0.1435	0.2968	0.5051	0.3921	0.3858	0.3034	0.2896	0.2839	0.5052	0.5020	0.1306	0.2802	0.3753	0.3356	0.4995	0.1445	0.3037	0.5058	0.3801	0.3875	0.2808	0.3080	0.3800	0.5224	0.2788	0.2955	0.3745	0.1511	0.2830	0.5258	0.0000	0.2937	0.5125	0.3173	0.5138	0.1562	0.3010	0.5045	0.3925	0.3651	0.1356	0.3138	0.5015	0.3891	0.3762	0.2627	0.4019	0.2907	0.1637
0.2600	0.5685	0.5642	0.5541	0.4113	0.4345	0.2702	0.4337	0.1927	0.4438	0.2267	0.2825	0.2078	0.4184	0.4383	0.4290	0.2298	0.1927	0.2096	0.4092	0.3958	0.2831	0.1958	0.4516	0.3422	0.4177	0.2815	0.2077	0.3856	0.4336	0.4583	0.1778	0.2096	0.4361	0.4255	0.1919	0.1981	0.4146	0.2793	0.2074	0.4209	0.2937	0.0000	0.4228	0.3462	0.4071	0.2757	0.2058	0.3988	0.4578	0.4336	0.2814	0.2029	0.4015	0.4392	0.4140	0.1831	0.4483	0.2109	0.2624
0.5230	0.2415	0.2387	0.2464	0.2913	0.3076	0.5005	0.3058	0.4219	0.2939	0.4270	0.5251	0.4323	0.1653	0.2976	0.3039	0.4372	0.4244	0.4085	0.1593	0.1478	0.4918	0.4049	0.3200	0.3882	0.1402	0.4874	0.4125	0.1481	0.2808	0.3111	0.4177	0.4222	0.2811	0.1567	0.4316	0.3908	0.2995	0.4975	0.3796	0.1607	0.5125	0.4228	0.0000	0.4034	0.1658	0.5005	0.4378	0.1381	0.2801	0.2903	0.5150	0.4034	0.1460	0.2988	0.2904	0.4124	0.3136	0.4160	0.5076
0.2801	0.4114	0.4029	0.3887	0.3027	0.3135	0.2775	0.3300	0.3460	0.3034	0.3726	0.3015	0.3399	0.3948	0.2998	0.3243	0.3350	0.3515	0.3560	0.4030	0.3996	0.2937	0.3544	0.3325	0.2331	0.4208	0.3117	0.3651	0.4197	0.3348	0.3296	0.3406	0.3514	0.3130	0.4146	0.3499	0.3615	0.3043	0.2896	0.3306	0.4089	0.3173	0.3462	0.4034	0.0000	0.4050	0.2959	0.3495	0.3904	0.3019	0.3349	0.3150	0.3651	0.4097	0.3215	0.3070	0.3342	0.3180	0.3527	0.2835
0.4784	0.2447	0.2495	0.2555	0.2814	0.2740	0.4752	0.2557	0.3903	0.2928	0.3949	0.5088	0.3911	0.1529	0.2559	0.2495	0.4147	0.4110	0.4108	0.1456	0.1452	0.4887	0.4180	0.2849	0.3761	0.1646	0.4938	0.3680	0.1690	0.2697	0.2795	0.4059	0.4002	0.2887	0.1433	0.4073	0.3915	0.2926	0.4812	0.3943	0.1358	0.5138	0.4071	0.1658	0.4050	0.0000	0.4717	0.4150	0.1333	0.2924	0.3025	0.5183	0.4055	0.1412	0.2710	0.2873	0.4031	0.2872	0.4144	0.4760
0.1021	0.5748	0.5714	0.5540	0.3529	0.3662	0.0973	0.3551	0.2662	0.3747	0.2541	0.1081	0.2581	0.4902	0.3544	0.3492	0.2696	0.2703	0.2836	0.4909	0.4863	0.1122	0.2855	0.3495	0.3068	0.4943	0.1318	0.2750	0.5093	0.3704	0.3454	0.2598	0.2715	0.3798	0.4890	0.2657	0.2833	0.3630	0.1060	0.2888	0.4813	0.1562	0.2757	0.5005	0.2959	0.4717	0.0000	0.2596	0.4843	0.3917	0.3751	0.1224	0.2974	0.4945	0.3533	0.3469	0.2658	0.3527	0.2752	0.1117
0.2500	0.6085	0.5978	0.5889	0.4390	0.4265	0.2495	0.4443	0.1953	0.4590	0.2008	0.2777	0.1940	0.4466	0.4348	0.4316	0.2241	0.2046	0.2044	0.4530	0.4216	0.2742	0.1991	0.4321	0.3513	0.4447	0.2696	0.2043	0.4252	0.4616	0.4459	0.1957	0.2246	0.4556	0.4273	0.2065	0.2046	0.4501	0.2551	0.2060	0.4405	0.3010	0.2058	0.4378	0.3495	0.4150	0.2596	0.0000	0.4206	0.4738	0.4564	0.2610	0.2154	0.4348	0.4488	0.4411	0.2217	0.4437	0.1944	0.2722
0.4954	0.2356	0.2304	0.2459	0.2484	0.2892	0.4925	0.2786	0.4020	0.2683	0.4184	0.5240	0.4114	0.1562	0.2626	0.2635	0.4275	0.3920	0.3839	0.1286	0.1149	0.4764	0.3944	0.2988	0.3663	0.1320	0.4750	0.3972	0.1402	0.2540	0.2881	0.4069	0.4114	0.2599	0.1512	0.4041	0.3740	0.2616	0.5014	0.3891	0.1363	0.5045	0.3988	0.1381	0.3904	0.1333	0.4843	0.4206	0.0000	0.2791	0.2828	0.5045	0.3907	0.1025	0.2885	0.2622	0.3929	0.2880	0.4052	0.4915
0.3968	0.2633	0.2543	0.2533	0.1348	0.1729	0.3847	0.1748	0.4451	0.1406	0.4764	0.4055	0.4787	0.3046	0.1557	0.1684	0.4752	0.4451	0.4386	0.2900	0.2817	0.3545	0.4392	0.1744	0.3040	0.2869	0.3663	0.4523	0.2787	0.1725	0.1634	0.4405	0.4825	0.1653	0.2952	0.4369	0.4338	0.1450	0.3862	0.4275	0.2956	0.3925	0.4578	0.2801	0.3019	0.2924	0.3917	0.4738	0.2791	0.0000	0.1456	0.3800	0.4276	0.2806	0.1795	0.1515	0.4393	0.1777	0.4446	0.3944
0.3874	0.2676	0.2659	0.2744	0.1268	0.1528	0.3872	0.1847	0.4269	0.1404	0.4531	0.3926	0.4616	0.2978	0.1687	0.1568	0.4733	0.4246	0.4345	0.2948	0.2796	0.3358	0.4277	0.1773	0.3212	0.2769	0.3499	0.4428	0.2828	0.1683	0.1681	0.4359	0.4661	0.1393	0.3041	0.4140	0.4150	0.1532	0.3730	0.4268	0.3041	0.3651	0.4336	0.2903	0.3349	0.3025	0.3751	0.4564	0.2828	0.1456	0.0000	0.3613	0.4141	0.2716	0.1861	0.1454	0.4078	0.1628	0.4404	0.3902
0.1213	0.6066	0.5966	0.5918	0.3612	0.3788	0.1401	0.3863	0.2680	0.3675	0.2769	0.1269	0.2953	0.5294	0.3880	0.3763	0.2965	0.2796	0.2583	0.5092	0.4965	0.1143	0.2586	0.3626	0.3295	0.5031	0.1207	0.2864	0.5111	0.3725	0.3767	0.2594	0.2962	0.3834	0.5247	0.2627	0.2704	0.3603	0.1280	0.2773	0.5244	0.1356	0.2814	0.5150	0.3150	0.5183	0.1224	0.2610	0.5045	0.3800	0.3613	0.0000	0.2712	0.5050	0.3802	0.3544	0.2465	0.3835	0.2614	0.1407
0.3045	0.5780	0.5842	0.5684	0.3996	0.4176	0.3059	0.4280	0.2007	0.4141	0.2219	0.3023	0.2277	0.4113	0.4313	0.4238	0.2175	0.1997	0.1891	0.3859	0.3627	0.2936	0.1817	0.4439	0.3613	0.3883	0.2921	0.2093	0.3784	0.4155	0.4264	0.1778	0.2301	0.4314	0.4068	0.1797	0.1960	0.3994	0.3028	0.1883	0.4013	0.3138	0.2029	0.4034	0.3651	0.4055	0.2974	0.2154	0.3907	0.4276	0.4141	0.2712	0.0000	0.3767	0.4264	0.3965	0.1765	0.4320	0.1799	0.3105
0.5092	0.2356	0.2346	0.2495	0.2560	0.2946	0.5014	0.2830	0.3978	0.2660	0.4238	0.5301	0.4152	0.1476	0.2601	0.2719	0.4382	0.3889	0.3789	0.1261	0.0940	0.4875	0.3958	0.2905	0.3588	0.1225	0.4781	0.3971	0.1240	0.2488	0.2940	0.4039	0.4188	0.2626	0.1332	0.3960	0.3832	0.2710	0.5076	0.3888	0.1241	0.5015	0.4015	0.1460	0.4097	0.1412	0.4945	0.4348	0.1025	0.2806	0.2716	0.5050	0.3767	0.0000	0.2940	0.2579	0.3847	0.3022	0.3955	0.5094
0.3543	0.2775	0.2624	0.2530	0.1716	0.1620	0.3560	0.1758	0.4132	0.1926	0.4318	0.3810	0.4294	0.2773	0.1619	0.1497	0.4240	0.4456	0.4583	0.2953	0.2769	0.3551	0.4464	0.1692	0.3248	0.2856	0.3906	0.4120	0.2890	0.2025	0.1529	0.4268	0.4245	0.1888	0.2714	0.4289	0.4198	0.1784	0.3562	0.4309	0.2734	0.3891	0.4392	0.2988	0.3215	0.2710	0.3533	0.4488	0.2885	0.1795	0.1861	0.3802	0.4264	0.2940	0.0000	0.1908	0.4329	0.1734	0.4367	0.3664
0.3790	0.2652	0.2525	0.2466	0.1036	0.1621	0.3710	0.1726	0.4245	0.1391	0.4556	0.4005	0.4539	0.2965	0.1520	0.1449	0.4497	0.4011	0.4097	0.2767	0.2601	0.3304	0.4135	0.1649	0.2953	0.2557	0.3538	0.4359	0.2720	0.1414	0.1629	0.4129	0.4572	0.1299	0.3017	0.4094	0.4072	0.1236	0.3739	0.4148	0.2889	0.3762	0.4140	0.2904	0.3070	0.2873	0.3469	0.4411	0.2622	0.1515	0.1454	0.3544	0.3965	0.2579	0.1908	0.0000	0.3993	0.1773	0.4200	0.3766
0.2553	0.5882	0.5818	0.5787	0.3958	0.4338	0.2776	0.4315	0.1703	0.4203	0.2091	0.2761	0.1948	0.4158	0.4374	0.4283	0.2096	0.1824	0.1643	0.3888	0.3813	0.2580	0.1726	0.4491	0.3375	0.3971	0.2643	0.1787	0.3794	0.4126	0.4403	0.1474	0.2057	0.4300	0.4221	0.1396	0.1883	0.4075	0.2720	0.1576	0.4242	0.2627	0.1831	0.4124	0.3342	0.4031	0.2658	0.2217	0.3929	0.4393	0.4078	0.2465	0.1765	0.3847	0.4329	0.3993	0.0000	0.4457	0.1599	0.2765
0.3670	0.2700	0.2659	0.2726	0.1535	0.1441	0.3550	0.1734	0.4311	0.1636	0.4159	0.3751	0.4335	0.3094	0.1362	0.1417	0.4408	0.4366	0.4468	0.3159	0.2990	0.3604	0.4401	0.1464	0.3019	0.3090	0.3642	0.4172	0.3206	0.1711	0.1389	0.4467	0.4263	0.1606	0.2756	0.4471	0.4400	0.1763	0.3569	0.4423	0.2774	0.4019	0.4483	0.3136	0.3180	0.2872	0.3527	0.4437	0.2880	0.1777	0.1628	0.3835	0.4320	0.3022	0.1734	0.1773	0.4457	0.0000	0.4550	0.3623
0.2727	0.5995	0.6041	0.5817	0.4204	0.4457	0.2710	0.4693	0.1797	0.4370	0.1887	0.2715	0.1997	0.4364	0.4582	0.4377	0.2177	0.1743	0.1694	0.4025	0.3856	0.2646	0.1609	0.4556	0.3438	0.4027	0.2713	0.1592	0.3974	0.4369	0.4511	0.1543	0.2064	0.4375	0.4264	0.1607	0.1785	0.4320	0.2819	0.1708	0.4313	0.2907	0.2109	0.4160	0.3527	0.4144	0.2752	0.1944	0.4052	0.4446	0.4404	0.2614	0.1799	0.3955	0.4367	0.4200	0.1599	0.4550	0.0000	0.2943
0.1087	0.5846	0.5728	0.5623	0.3698	0.3695	0.1123	0.3696	0.2574	0.3875	0.2717	0.1388	0.2679	0.4938	0.3606	0.3679	0.2739	0.2861	0.2987	0.5063	0.5075	0.1405	0.2983	0.3682	0.3027	0.5132	0.1402	0.2821	0.5139	0.3803	0.3638	0.2654	0.2795	0.3938	0.4985	0.2791	0.2996	0.3643	0.1257	0.2879	0.4981	0.1637	0.2624	0.5076	0.2835	0.4760	0.1117	0.2722	0.4915	0.3944	0.3902	0.1407	0.3105	0.5094	0.3664	0.3766	0.2765	0.3623	0.2943	0.0000
