Sim1	Sim2	Sim3	Sim4	Sim5	Sim6	Sim7	Sim8	Sim9	Sim10	Sim11	Sim12	Sim13	Sim14	Sim15	Sim16	Sim17	Sim18	Sim19	Sim20	Sim21	Sim22	Sim23	Sim24	Sim25	Sim26	Sim27	Sim28	Sim29	Sim30	Sim31	Sim32	Sim33	Sim34	Sim35	Sim36	Sim37	Sim38	Sim39	Sim40	Sim41	Sim42	Sim43	Sim44	Sim45	Sim46	Sim47	Sim48	Sim49	Sim50	Sim51	Sim52	Sim53	Sim54	Sim55	Sim56	Sim57	Sim58	Sim59	Sim60
0.0000	0.2492	0.2498	0.2465	0.2510	0.2375	0.0963	0.2518	0.3724	0.2330	0.3571	0.1308	0.3302	0.4289	0.2514	0.2281	0.3863	0.3454	0.3494	0.3880	0.4087	0.1133	0.3744	0.2456	0.1120	0.4287	0.1040	0.3282	0.4057	0.2582	0.2328	0.3558	0.3587	0.4292	0.4126	0.3467	0.3423	0.2541	0.0886	0.2301	0.3741	0.1140	0.3418	0.4103	0.1323	0.4097	0.0851	0.3700	0.3878	0.2482	0.2375	0.1286	0.3505	0.4045	0.2373	0.2353	0.3266	0.2388	0.3628	0.1303
0.2492	0.0000	0.0455	0.0413	0.0510	0.0444	0.2526	0.0678	0.5193	0.0471	0.5145	0.2747	0.5131	0.3019	0.0589	0.0459	0.5379	0.5103	0.4884	0.2683	0.2895	0.2595	0.5214	0.0464	0.2471	0.3211	0.2555	0.5044	0.2732	0.0635	0.0522	0.5117	0.5103	0.3040	0.3057	0.5008	0.4728	0.0787	0.2536	0.4011	0.2147	0.2718	0.5053	0.2860	0.2641	0.3014	0.2722	0.5408	0.2721	0.0631	0.0430	0.2947	0.4849	0.2817	0.0360	0.0568	0.4838	0.0556	0.5145	0.2665
0.2498	0.0455	0.0000	0.0301	0.0725	0.0561	0.2601	0.0584	0.5277	0.0447	0.4972	0.2605	0.4905	0.3240	0.0639	0.0590	0.5092	0.4920	0.5044	0.2770	0.3033	0.2647	0.5322	0.0687	0.2672	0.2989	0.2590	0.5062	0.2594	0.0637	0.0349	0.5141	0.5223	0.3120	0.2884	0.5078	0.4849	0.0505	0.2700	0.3815	0.1857	0.2428	0.5170	0.2972	0.2409	0.2982	0.2614	0.5217	0.2847	0.0669	0.0561	0.2725	0.4980	0.2998	0.0507	0.0330	0.5008	0.0386	0.5338	0.2886
0.2465	0.0413	0.0301	0.0000	0.0690	0.0562	0.2644	0.0445	0.5242	0.0478	0.5008	0.2571	0.4916	0.3234	0.0614	0.0592	0.5269	0.4956	0.5061	0.2672	0.3038	0.2712	0.5299	0.0634	0.2667	0.2977	0.2590	0.5016	0.2560	0.0664	0.0318	0.5159	0.5222	0.3189	0.2870	0.5036	0.4939	0.0573	0.2629	0.3777	0.1952	0.2490	0.5016	0.2891	0.2416	0.3027	0.2445	0.5240	0.2760	0.0695	0.0498	0.2760	0.4984	0.3008	0.0567	0.0355	0.4944	0.0288	0.5197	0.2864
0.2510	0.0510	0.0725	0.0690	0.0000	0.0522	0.2609	0.0525	0.5327	0.0565	0.4996	0.2469	0.4996	0.2885	0.0431	0.0543	0.5150	0.5297	0.5000	0.2826	0.2857	0.2606	0.5020	0.0484	0.2654	0.3009	0.2595	0.5110	0.2943	0.0443	0.0659	0.4984	0.5188	0.2933	0.3036	0.5090	0.4844	0.0478	0.2595	0.3891	0.1966	0.2772	0.5127	0.2801	0.2787	0.3094	0.2759	0.5218	0.2857	0.0462	0.0593	0.2671	0.4712	0.2915	0.0535	0.0630	0.4941	0.0600	0.5027	0.2494
0.2375	0.0444	0.0561	0.0562	0.0522	0.0000	0.2498	0.0686	0.5048	0.0515	0.5125	0.2679	0.5004	0.3181	0.0472	0.0376	0.5297	0.5137	0.4703	0.2776	0.2900	0.2425	0.5125	0.0410	0.2540	0.3188	0.2391	0.4976	0.2778	0.0709	0.0474	0.5087	0.5012	0.3091	0.3173	0.4980	0.4694	0.0681	0.2348	0.3873	0.2215	0.2510	0.5020	0.2890	0.2687	0.3002	0.2547	0.5357	0.2719	0.0604	0.0336	0.2788	0.4914	0.2923	0.0315	0.0558	0.4730	0.0517	0.5169	0.2658
0.0963	0.2526	0.2601	0.2644	0.2609	0.2498	0.0000	0.2671	0.3819	0.2427	0.3687	0.1403	0.3392	0.4285	0.2666	0.2410	0.3909	0.3460	0.3472	0.3990	0.4020	0.1181	0.3757	0.2528	0.1085	0.4388	0.1010	0.3301	0.4095	0.2644	0.2605	0.3470	0.3558	0.4283	0.4226	0.3324	0.3433	0.2697	0.0988	0.2438	0.3783	0.1272	0.3496	0.4236	0.1441	0.4090	0.1042	0.3764	0.3912	0.2582	0.2426	0.1295	0.3534	0.4037	0.2492	0.2465	0.3335	0.2547	0.3564	0.1255
0.2518	0.0678	0.0584	0.0445	0.0525	0.0686	0.2671	0.0000	0.5345	0.0643	0.4844	0.2305	0.4976	0.3192	0.0491	0.0703	0.5057	0.5029	0.5103	0.2903	0.3079	0.2760	0.5212	0.0590	0.2790	0.2840	0.2655	0.5159	0.2794	0.0520	0.0484	0.5124	0.5306	0.3085	0.2917	0.5128	0.5033	0.0398	0.2681	0.3810	0.1837	0.2545	0.5134	0.2849	0.2626	0.3171	0.2508	0.5057	0.2979	0.0514	0.0636	0.2530	0.4810	0.3169	0.0703	0.0486	0.5080	0.0453	0.5052	0.2734
0.3724	0.5193	0.5277	0.5242	0.5327	0.5048	0.3819	0.5345	0.0000	0.5242	0.2354	0.4005	0.1999	0.3675	0.5278	0.5171	0.2353	0.2084	0.1919	0.3591	0.3369	0.3773	0.2218	0.5262	0.3777	0.3782	0.3803	0.1878	0.3507	0.5407	0.5194	0.2214	0.2069	0.3679	0.3630	0.1937	0.2029	0.5343	0.3529	0.3108	0.4365	0.3900	0.1939	0.3584	0.3960	0.3646	0.3672	0.2331	0.3413	0.5316	0.5171	0.3916	0.2450	0.3389	0.5164	0.5256	0.2031	0.5171	0.2140	0.4035
0.2330	0.0471	0.0447	0.0478	0.0565	0.0515	0.2427	0.0643	0.5242	0.0000	0.4992	0.2605	0.5008	0.3198	0.0519	0.0416	0.5237	0.4988	0.5004	0.2680	0.2910	0.2526	0.5324	0.0546	0.2581	0.3168	0.2436	0.4949	0.2771	0.0569	0.0440	0.5096	0.5122	0.3089	0.3000	0.5012	0.4725	0.0602	0.2470	0.3882	0.2042	0.2486	0.4968	0.2933	0.2500	0.2999	0.2500	0.5301	0.2794	0.0673	0.0502	0.2748	0.4860	0.2992	0.0419	0.0376	0.4880	0.0401	0.5206	0.2671
0.3571	0.5145	0.4972	0.5008	0.4996	0.5125	0.3687	0.4844	0.2354	0.4992	0.0000	0.3405	0.2011	0.3723	0.4971	0.5078	0.2127	0.2158	0.2423	0.3792	0.3502	0.3780	0.2289	0.5037	0.3628	0.3486	0.3785	0.2114	0.3682	0.4951	0.4996	0.2159	0.2312	0.3838	0.3474	0.2143	0.2321	0.4833	0.3613	0.2884	0.4010	0.3620	0.2043	0.3721	0.3686	0.3814	0.3404	0.2292	0.3643	0.4946	0.5115	0.3402	0.2270	0.3533	0.5058	0.4887	0.2421	0.4941	0.2094	0.3777
0.1308	0.2747	0.2605	0.2571	0.2469	0.2679	0.1403	0.2305	0.4005	0.2605	0.3405	0.0000	0.3377	0.4283	0.2504	0.2634	0.3776	0.3610	0.3831	0.4122	0.4187	0.1573	0.3784	0.2620	0.1542	0.4025	0.1630	0.3573	0.4088	0.2498	0.2583	0.3595	0.4001	0.4278	0.4031	0.3644	0.3837	0.2354	0.1417	0.2378	0.3509	0.1451	0.3726	0.4140	0.1571	0.4351	0.1153	0.3591	0.4234	0.2528	0.2618	0.1276	0.3527	0.4273	0.2778	0.2476	0.3727	0.2473	0.3699	0.1452
0.3302	0.5131	0.4905	0.4916	0.4996	0.5004	0.3392	0.4976	0.1999	0.5008	0.2011	0.3377	0.0000	0.3697	0.5040	0.4992	0.1994	0.2007	0.2153	0.3584	0.3381	0.3494	0.2054	0.5114	0.3486	0.3514	0.3628	0.1693	0.3579	0.5130	0.4938	0.1940	0.2215	0.3676	0.3422	0.1840	0.2185	0.4892	0.3300	0.2682	0.4143	0.3458	0.1886	0.3667	0.3520	0.3605	0.3216	0.2062	0.3477	0.4980	0.5020	0.3252	0.2263	0.3496	0.5045	0.4821	0.2127	0.4846	0.1945	0.3563
0.4289	0.3019	0.3240	0.3234	0.2885	0.3181	0.4285	0.3192	0.3675	0.3198	0.3723	0.4283	0.3697	0.0000	0.3009	0.3093	0.3557	0.4038	0.3677	0.1848	0.1523	0.4326	0.3472	0.3006	0.4393	0.1821	0.4290	0.3695	0.1993	0.2987	0.3252	0.3551	0.3693	0.1696	0.1896	0.3513	0.3399	0.3097	0.4345	0.4042	0.2239	0.4547	0.3602	0.1718	0.4494	0.1867	0.4482	0.3836	0.1665	0.2970	0.3250	0.4444	0.3413	0.1522	0.3176	0.3264	0.3567	0.3319	0.3421	0.4362
0.2514	0.0589	0.0639	0.0614	0.0431	0.0472	0.2666	0.0491	0.5278	0.0519	0.4971	0.2504	0.5040	0.3009	0.0000	0.0517	0.5102	0.5247	0.5077	0.2913	0.2932	0.2665	0.5101	0.0445	0.2766	0.2966	0.2584	0.5249	0.2892	0.0427	0.0588	0.5192	0.5235	0.3016	0.3017	0.5175	0.4903	0.0495	0.2584	0.3893	0.1964	0.2646	0.5129	0.2886	0.2706	0.3141	0.2651	0.5274	0.2916	0.0426	0.0552	0.2690	0.4782	0.3007	0.0533	0.0578	0.5024	0.0581	0.5130	0.2704
0.2281	0.0459	0.0590	0.0592	0.0543	0.0376	0.2410	0.0703	0.5171	0.0416	0.5078	0.2634	0.4992	0.3093	0.0517	0.0000	0.5306	0.5094	0.4872	0.2733	0.2855	0.2399	0.5172	0.0507	0.2591	0.3168	0.2352	0.5012	0.2825	0.0689	0.0515	0.5101	0.5020	0.3010	0.3157	0.4984	0.4656	0.0657	0.2413	0.3894	0.2170	0.2527	0.5024	0.2884	0.2633	0.2938	0.2599	0.5289	0.2667	0.0521	0.0468	0.2758	0.4842	0.2867	0.0370	0.0536	0.4802	0.0610	0.5068	0.2617
0.3863	0.5379	0.5092	0.5269	0.5150	0.5297	0.3909	0.5057	0.2353	0.5237	0.2127	0.3776	0.1994	0.3557	0.5102	0.5306	0.0000	0.2209	0.2395	0.3711	0.3417	0.4076	0.2231	0.5211	0.3994	0.3380	0.4005	0.2003	0.3696	0.5087	0.5188	0.2261	0.2376	0.3638	0.3355	0.2255	0.2436	0.4935	0.3927	0.3046	0.3950	0.3900	0.2206	0.3559	0.4020	0.3657	0.3792	0.2118	0.3562	0.5104	0.5251	0.3672	0.2447	0.3449	0.5291	0.5073	0.2541	0.5085	0.2162	0.4005
0.3454	0.5103	0.4920	0.4956	0.5297	0.5137	0.3460	0.5029	0.2084	0.4988	0.2158	0.3610	0.2007	0.4038	0.5247	0.5094	0.2209	0.0000	0.2207	0.3642	0.3513	0.3577	0.2278	0.5152	0.3604	0.3701	0.3630	0.1766	0.3578	0.5127	0.4963	0.2146	0.2145	0.3861	0.3560	0.1829	0.2140	0.5061	0.3475	0.2994	0.4362	0.3493	0.1986	0.3802	0.3545	0.3710	0.3216	0.2148	0.3594	0.5231	0.4984	0.3555	0.2356	0.3590	0.5091	0.4852	0.2216	0.4924	0.2010	0.3809
0.3494	0.4884	0.5044	0.5061	0.5000	0.4703	0.3472	0.5103	0.1919	0.5004	0.2423	0.3831	0.2153	0.3677	0.5077	0.4872	0.2395	0.2207	0.0000	0.3557	0.3327	0.3566	0.2275	0.4913	0.3508	0.3726	0.3589	0.1837	0.3635	0.5107	0.5008	0.2038	0.2040	0.3634	0.3574	0.1997	0.2170	0.5139	0.3377	0.3234	0.4318	0.3726	0.1969	0.3613	0.3913	0.3487	0.3527	0.2429	0.3275	0.4992	0.4793	0.3846	0.2327	0.3360	0.4795	0.5020	0.1905	0.5085	0.2088	0.3747
0.3880	0.2683	0.2770	0.2672	0.2826	0.2776	0.3990	0.2903	0.3591	0.2680	0.3792	0.4122	0.3584	0.1848	0.2913	0.2733	0.3711	0.3642	0.3557	0.0000	0.1255	0.3927	0.3703	0.2868	0.4075	0.1622	0.4066	0.3345	0.1633	0.2917	0.2728	0.3605	0.3597	0.1652	0.1627	0.3313	0.3365	0.2957	0.3897	0.3979	0.2323	0.4117	0.3314	0.1726	0.4039	0.1671	0.4015	0.3712	0.1440	0.3030	0.2877	0.4215	0.3644	0.1379	0.2792	0.2717	0.3426	0.2770	0.3507	0.4167
0.4087	0.2895	0.3033	0.3038	0.2857	0.2900	0.4020	0.3079	0.3369	0.2910	0.3502	0.4187	0.3381	0.1523	0.2932	0.2855	0.3417	0.3513	0.3327	0.1255	0.0000	0.4062	0.3294	0.2964	0.4126	0.1459	0.4133	0.3312	0.1536	0.2925	0.3105	0.3284	0.3366	0.1478	0.1516	0.3136	0.3044	0.3055	0.4078	0.4005	0.2203	0.4284	0.3236	0.1436	0.4243	0.1490	0.4247	0.3588	0.1187	0.3022	0.2988	0.4273	0.3351	0.1125	0.2897	0.3015	0.3376	0.3046	0.3121	0.4135
0.1133	0.2595	0.2647	0.2712	0.2606	0.2425	0.1181	0.2760	0.3773	0.2526	0.3780	0.1573	0.3494	0.4326	0.2665	0.2399	0.4076	0.3577	0.3566	0.3927	0.4062	0.0000	0.3817	0.2603	0.1375	0.4396	0.1302	0.3479	0.4120	0.2727	0.2596	0.3637	0.3682	0.4298	0.4317	0.3465	0.3425	0.2705	0.1124	0.2620	0.3963	0.1462	0.3636	0.4234	0.1589	0.4202	0.1239	0.3806	0.3981	0.2628	0.2442	0.1552	0.3684	0.4068	0.2492	0.2557	0.3380	0.2611	0.3642	0.1487
0.3744	0.5214	0.5322	0.5299	0.5020	0.5125	0.3757	0.5212	0.2218	0.5324	0.2289	0.3784	0.2054	0.3472	0.5101	0.5172	0.2231	0.2278	0.2275	0.3703	0.3294	0.3817	0.0000	0.5033	0.3722	0.3530	0.3854	0.1941	0.3712	0.5045	0.5332	0.1833	0.2150	0.3648	0.3609	0.1932	0.2163	0.5113	0.3668	0.3112	0.4144	0.4009	0.1961	0.3478	0.3967	0.3741	0.3711	0.2114	0.3436	0.5004	0.5147	0.3756	0.2011	0.3347	0.5124	0.5321	0.2049	0.5328	0.1908	0.3791
0.2456	0.0464	0.0687	0.0634	0.0484	0.0410	0.2528	0.0590	0.5262	0.0546	0.5037	0.2620	0.5114	0.3006	0.0445	0.0507	0.5211	0.5152	0.4913	0.2868	0.2964	0.2603	0.5033	0.0000	0.2659	0.3098	0.2463	0.5132	0.2899	0.0478	0.0580	0.5073	0.5103	0.2997	0.3028	0.5036	0.4762	0.0679	0.2464	0.3922	0.2058	0.2613	0.5024	0.2880	0.2691	0.2986	0.2661	0.5294	0.2790	0.0472	0.0456	0.2829	0.4792	0.2862	0.0395	0.0573	0.4867	0.0619	0.4972	0.2578
0.1120	0.2471	0.2672	0.2667	0.2654	0.2540	0.1085	0.2790	0.3777	0.2581	0.3628	0.1542	0.3486	0.4393	0.2766	0.2591	0.3994	0.3604	0.3508	0.4075	0.4126	0.1375	0.3722	0.2659	0.0000	0.4499	0.1336	0.3309	0.4148	0.2736	0.2688	0.3559	0.3630	0.4385	0.4386	0.3491	0.3489	0.2820	0.1158	0.2427	0.3918	0.1496	0.3539	0.4286	0.1377	0.4342	0.1183	0.3695	0.4028	0.2752	0.2520	0.1472	0.3612	0.4169	0.2527	0.2644	0.3383	0.2684	0.3677	0.1388
0.4287	0.3211	0.2989	0.2977	0.3009	0.3188	0.4388	0.2840	0.3782	0.3168	0.3486	0.4025	0.3514	0.1821	0.2966	0.3168	0.3380	0.3701	0.3726	0.1622	0.1459	0.4396	0.3530	0.3098	0.4499	0.0000	0.4444	0.3578	0.1672	0.2930	0.3022	0.3539	0.3638	0.1732	0.1546	0.3510	0.3509	0.2773	0.4383	0.3856	0.1982	0.4348	0.3544	0.1660	0.4241	0.1770	0.4209	0.3609	0.1579	0.3039	0.3150	0.4242	0.3650	0.1595	0.3199	0.2973	0.3823	0.2955	0.3420	0.4443
0.1040	0.2555	0.2590	0.2590	0.2595	0.2391	0.1010	0.2655	0.3803	0.2436	0.3785	0.1630	0.3628	0.4290	0.2584	0.2352	0.4005	0.3630	0.3589	0.4066	0.4133	0.1302	0.3854	0.2463	0.1336	0.4444	0.0000	0.3525	0.4156	0.2603	0.2520	0.3673	0.3555	0.4396	0.4268	0.3596	0.3528	0.2710	0.1070	0.2583	0.3818	0.1324	0.3528	0.4263	0.1587	0.4132	0.1116	0.3939	0.3928	0.2484	0.2359	0.1563	0.3652	0.4035	0.2404	0.2494	0.3420	0.2605	0.3667	0.1502
0.3282	0.5044	0.5062	0.5016	0.5110	0.4976	0.3301	0.5159	0.1878	0.4949	0.2114	0.3573	0.1693	0.3695	0.5249	0.5012	0.2003	0.1766	0.1837	0.3345	0.3312	0.3479	0.1941	0.5132	0.3309	0.3578	0.3525	0.0000	0.3601	0.5224	0.5016	0.1708	0.1845	0.3616	0.3403	0.1531	0.1859	0.5134	0.3290	0.2761	0.4230	0.3507	0.1579	0.3591	0.3580	0.3495	0.3202	0.1861	0.3259	0.5217	0.5044	0.3477	0.2110	0.3306	0.5044	0.4922	0.1849	0.4898	0.1851	0.3547
0.4057	0.2732	0.2594	0.2560	0.2943	0.2778	0.4095	0.2794	0.3507	0.2771	0.3682	0.4088	0.3579	0.1993	0.2892	0.2825	0.3696	0.3578	0.3635	0.1633	0.1536	0.4120	0.3712	0.2899	0.4148	0.1672	0.4156	0.3601	0.0000	0.2971	0.2586	0.3749	0.3607	0.1840	0.1716	0.3505	0.3664	0.2759	0.3999	0.3801	0.2161	0.3972	0.3482	0.1792	0.3952	0.1775	0.3942	0.3693	0.1443	0.3014	0.2747	0.4237	0.3673	0.1512	0.2788	0.2644	0.3554	0.2620	0.3603	0.4291
0.2582	0.0635	0.0637	0.0664	0.0443	0.0709	0.2644	0.0520	0.5407	0.0569	0.4951	0.2498	0.5130	0.2987	0.0427	0.0689	0.5087	0.5127	0.5107	0.2917	0.2925	0.2727	0.5045	0.0478	0.2736	0.2930	0.2603	0.5224	0.2971	0.0000	0.0664	0.5052	0.5196	0.3087	0.3010	0.5160	0.4963	0.0552	0.2727	0.3912	0.1933	0.2688	0.5045	0.2880	0.2696	0.3182	0.2716	0.5252	0.2932	0.0402	0.0690	0.2746	0.4743	0.2964	0.0616	0.0634	0.5004	0.0656	0.4980	0.2679
0.2328	0.0522	0.0349	0.0318	0.0659	0.0474	0.2605	0.0484	0.5194	0.0440	0.4996	0.2583	0.4938	0.3252	0.0588	0.0515	0.5188	0.4963	0.5008	0.2728	0.3105	0.2596	0.5332	0.0580	0.2688	0.3022	0.2520	0.5016	0.2586	0.0664	0.0000	0.5159	0.5182	0.3135	0.2923	0.5101	0.4909	0.0485	0.2586	0.3784	0.1991	0.2376	0.5054	0.2935	0.2525	0.3013	0.2422	0.5201	0.2750	0.0673	0.0445	0.2671	0.4966	0.2998	0.0474	0.0336	0.4922	0.0326	0.5275	0.2846
0.3558	0.5117	0.5141	0.5159	0.4984	0.5087	0.3470	0.5124	0.2214	0.5096	0.2159	0.3595	0.1940	0.3551	0.5192	0.5101	0.2261	0.2146	0.2038	0.3605	0.3284	0.3637	0.1833	0.5073	0.3559	0.3539	0.3673	0.1708	0.3749	0.5052	0.5159	0.0000	0.2056	0.3655	0.3583	0.1891	0.2156	0.5084	0.3517	0.2970	0.4138	0.3746	0.1913	0.3652	0.3770	0.3601	0.3488	0.2135	0.3459	0.5093	0.5076	0.3599	0.2096	0.3377	0.5065	0.5091	0.1940	0.5124	0.1796	0.3611
0.3587	0.5103	0.5223	0.5222	0.5188	0.5012	0.3558	0.5306	0.2069	0.5122	0.2312	0.4001	0.2215	0.3693	0.5235	0.5020	0.2376	0.2145	0.2040	0.3597	0.3366	0.3682	0.2150	0.5103	0.3630	0.3638	0.3555	0.1845	0.3607	0.5196	0.5182	0.2056	0.0000	0.3666	0.3634	0.1884	0.2110	0.5267	0.3528	0.3081	0.4317	0.3787	0.1756	0.3643	0.3890	0.3590	0.3628	0.2331	0.3259	0.5160	0.5041	0.3834	0.2282	0.3315	0.5016	0.5136	0.1900	0.5251	0.2010	0.3756
0.4292	0.3040	0.3120	0.3189	0.2933	0.3091	0.4283	0.3085	0.3679	0.3089	0.3838	0.4278	0.3676	0.1696	0.3016	0.3010	0.3638	0.3861	0.3634	0.1652	0.1478	0.4298	0.3648	0.2997	0.4385	0.1732	0.4396	0.3616	0.1840	0.3087	0.3135	0.3655	0.3666	0.0000	0.1848	0.3402	0.3321	0.3014	0.4313	0.4184	0.2258	0.4486	0.3588	0.1874	0.4485	0.1654	0.4470	0.3635	0.1467	0.3058	0.3169	0.4465	0.3671	0.1554	0.3053	0.3098	0.3690	0.3146	0.3516	0.4317
0.4126	0.3057	0.2884	0.2870	0.3036	0.3173	0.4226	0.2917	0.3630	0.3000	0.3474	0.4031	0.3422	0.1896	0.3017	0.3157	0.3355	0.3560	0.3574	0.1627	0.1516	0.4317	0.3609	0.3028	0.4386	0.1546	0.4268	0.3403	0.1716	0.3010	0.2923	0.3583	0.3634	0.1848	0.0000	0.3529	0.3440	0.2893	0.4211	0.3809	0.1913	0.4166	0.3441	0.1717	0.4173	0.1706	0.4149	0.3572	0.1528	0.3086	0.3130	0.4228	0.3565	0.1435	0.3104	0.2825	0.3606	0.2898	0.3501	0.4303
0.3467	0.5008	0.5078	0.5036	0.5090	0.4980	0.3324	0.5128	0.1937	0.5012	0.2143	0.3644	0.1840	0.3513	0.5175	0.4984	0.2255	0.1829	0.1997	0.3313	0.3136	0.3465	0.1932	0.5036	0.3491	0.3510	0.3596	0.1531	0.3505	0.5160	0.5101	0.1891	0.1884	0.3402	0.3529	0.0000	0.1837	0.5127	0.3391	0.2988	0.4248	0.3669	0.1648	0.3468	0.3681	0.3427	0.3362	0.2041	0.3243	0.5198	0.4932	0.3586	0.2257	0.3247	0.5004	0.4992	0.1905	0.4959	0.1589	0.3588
0.3423	0.4728	0.4849	0.4939	0.4844	0.4694	0.3433	0.5033	0.2029	0.4725	0.2321	0.3837	0.2185	0.3399	0.4903	0.4656	0.2436	0.2140	0.2170	0.3365	0.3044	0.3425	0.2163	0.4762	0.3489	0.3509	0.3528	0.1859	0.3664	0.4963	0.4909	0.2156	0.2110	0.3321	0.3440	0.1837	0.0000	0.4968	0.3449	0.3223	0.4192	0.3816	0.1959	0.3437	0.3748	0.3306	0.3540	0.2357	0.3159	0.4893	0.4747	0.3708	0.2340	0.3127	0.4659	0.4827	0.1993	0.4878	0.2056	0.3639
0.2541	0.0787	0.0505	0.0573	0.0478	0.0681	0.2697	0.0398	0.5343	0.0602	0.4833	0.2354	0.4892	0.3097	0.0495	0.0657	0.4935	0.5061	0.5139	0.2957	0.3055	0.2705	0.5113	0.0679	0.2820	0.2773	0.2710	0.5134	0.2759	0.0552	0.0485	0.5084	0.5267	0.3014	0.2893	0.5127	0.4968	0.0000	0.2747	0.3689	0.1734	0.2502	0.5173	0.2882	0.2592	0.3078	0.2608	0.5020	0.2947	0.0580	0.0644	0.2556	0.4844	0.3073	0.0731	0.0462	0.5104	0.0432	0.5130	0.2720
0.0886	0.2536	0.2700	0.2629	0.2595	0.2348	0.0988	0.2681	0.3529	0.2470	0.3613	0.1417	0.3300	0.4345	0.2584	0.2413	0.3927	0.3475	0.3377	0.3897	0.4078	0.1124	0.3668	0.2464	0.1158	0.4383	0.1070	0.3290	0.3999	0.2727	0.2586	0.3517	0.3528	0.4313	0.4211	0.3391	0.3449	0.2747	0.0000	0.2422	0.3872	0.1326	0.3367	0.4118	0.1477	0.4164	0.0965	0.3716	0.3874	0.2633	0.2428	0.1404	0.3546	0.3976	0.2459	0.2575	0.3227	0.2593	0.3552	0.1284
0.2301	0.4011	0.3815	0.3777	0.3891	0.3873	0.2438	0.3810	0.3108	0.3882	0.2884	0.2378	0.2682	0.4042	0.3893	0.3894	0.3046	0.2994	0.3234	0.3979	0.4005	0.2620	0.3112	0.3922	0.2427	0.3856	0.2583	0.2761	0.3801	0.3912	0.3784	0.2970	0.3081	0.4184	0.3809	0.2988	0.3223	0.3689	0.2422	0.0000	0.3313	0.2386	0.2912	0.3973	0.2457	0.4045	0.2203	0.2935	0.3867	0.3847	0.3864	0.2299	0.3184	0.3969	0.3960	0.3700	0.3051	0.3745	0.3012	0.2576
0.3741	0.2147	0.1857	0.1952	0.1966	0.2215	0.3783	0.1837	0.4365	0.2042	0.4010	0.3509	0.4143	0.2239	0.1964	0.2170	0.3950	0.4362	0.4318	0.2323	0.2203	0.3963	0.4144	0.2058	0.3918	0.1982	0.3818	0.4230	0.2161	0.1933	0.1991	0.4138	0.4317	0.2258	0.1913	0.4248	0.4192	0.1734	0.3872	0.3313	0.0000	0.3733	0.4274	0.2027	0.3618	0.2300	0.3776	0.4241	0.2111	0.1968	0.2163	0.3743	0.4167	0.2160	0.2206	0.1894	0.4431	0.1943	0.4140	0.3962
0.1140	0.2718	0.2428	0.2490	0.2772	0.2510	0.1272	0.2545	0.3900	0.2486	0.3620	0.1451	0.3458	0.4547	0.2646	0.2527	0.3900	0.3493	0.3726	0.4117	0.4284	0.1462	0.4009	0.2613	0.1496	0.4348	0.1324	0.3507	0.3972	0.2688	0.2376	0.3746	0.3787	0.4486	0.4166	0.3669	0.3816	0.2502	0.1326	0.2386	0.3733	0.0000	0.3695	0.4343	0.1522	0.4290	0.1112	0.3775	0.4076	0.2628	0.2494	0.1483	0.3789	0.4224	0.2516	0.2386	0.3578	0.2477	0.3812	0.1573
0.3418	0.5053	0.5170	0.5016	0.5127	0.5020	0.3496	0.5134	0.1939	0.4968	0.2043	0.3726	0.1886	0.3602	0.5129	0.5024	0.2206	0.1986	0.1969	0.3314	0.3236	0.3636	0.1961	0.5024	0.3539	0.3544	0.3528	0.1579	0.3482	0.5045	0.5054	0.1913	0.1756	0.3588	0.3441	0.1648	0.1959	0.5173	0.3367	0.2912	0.4274	0.3695	0.0000	0.3458	0.3679	0.3507	0.3296	0.2018	0.3268	0.5127	0.4976	0.3685	0.1931	0.3291	0.4992	0.4992	0.1712	0.5004	0.1730	0.3641
0.4103	0.2860	0.2972	0.2891	0.2801	0.2890	0.4236	0.2849	0.3584	0.2933	0.3721	0.4140	0.3667	0.1718	0.2886	0.2884	0.3559	0.3802	0.3613	0.1726	0.1436	0.4234	0.3478	0.2880	0.4286	0.1660	0.4263	0.3591	0.1792	0.2880	0.2935	0.3652	0.3643	0.1874	0.1717	0.3468	0.3437	0.2882	0.4118	0.3973	0.2027	0.4343	0.3458	0.0000	0.4279	0.1832	0.4215	0.3801	0.1571	0.2941	0.2998	0.4291	0.3570	0.1481	0.2870	0.2954	0.3620	0.2974	0.3466	0.4329
0.1323	0.2641	0.2409	0.2416	0.2787	0.2687	0.1441	0.2626	0.3960	0.2500	0.3686	0.1571	0.3520	0.4494	0.2706	0.2633	0.4020	0.3545	0.3913	0.4039	0.4243	0.1589	0.3967	0.2691	0.1377	0.4241	0.1587	0.3580	0.3952	0.2696	0.2525	0.3770	0.3890	0.4485	0.4173	0.3681	0.3748	0.2592	0.1477	0.2457	0.3618	0.1522	0.3679	0.4279	0.0000	0.4282	0.1173	0.3807	0.4117	0.2704	0.2628	0.1514	0.3749	0.4223	0.2641	0.2435	0.3668	0.2377	0.3957	0.1730
0.4097	0.3014	0.2982	0.3027	0.3094	0.3002	0.4090	0.3171	0.3646	0.2999	0.3814	0.4351	0.3605	0.1867	0.3141	0.2938	0.3657	0.3710	0.3487	0.1671	0.1490	0.4202	0.3741	0.2986	0.4342	0.1770	0.4132	0.3495	0.1775	0.3182	0.3013	0.3601	0.3590	0.1654	0.1706	0.3427	0.3306	0.3078	0.4164	0.4045	0.2300	0.4290	0.3507	0.1832	0.4282	0.0000	0.4267	0.3890	0.1379	0.3072	0.3003	0.4507	0.3776	0.1475	0.2938	0.2939	0.3556	0.3029	0.3520	0.4415
0.0851	0.2722	0.2614	0.2445	0.2759	0.2547	0.1042	0.2508	0.3672	0.2500	0.3404	0.1153	0.3216	0.4482	0.2651	0.2599	0.3792	0.3216	0.3527	0.4015	0.4247	0.1239	0.3711	0.2661	0.1183	0.4209	0.1116	0.3202	0.3942	0.2716	0.2422	0.3488	0.3628	0.4470	0.4149	0.3362	0.3540	0.2608	0.0965	0.2203	0.3776	0.1112	0.3296	0.4215	0.1173	0.4267	0.0000	0.3514	0.4021	0.2730	0.2500	0.1167	0.3494	0.4270	0.2628	0.2432	0.3318	0.2374	0.3609	0.1419
0.3700	0.5408	0.5217	0.5240	0.5218	0.5357	0.3764	0.5057	0.2331	0.5301	0.2292	0.3591	0.2062	0.3836	0.5274	0.5289	0.2118	0.2148	0.2429	0.3712	0.3588	0.3806	0.2114	0.5294	0.3695	0.3609	0.3939	0.1861	0.3693	0.5252	0.5201	0.2135	0.2331	0.3635	0.3572	0.2041	0.2357	0.5020	0.3716	0.2935	0.4241	0.3775	0.2018	0.3801	0.3807	0.3890	0.3514	0.0000	0.3724	0.5274	0.5292	0.3536	0.2064	0.3663	0.5358	0.5118	0.2247	0.5178	0.1911	0.3873
0.3878	0.2721	0.2847	0.2760	0.2857	0.2719	0.3912	0.2979	0.3413	0.2794	0.3643	0.4234	0.3477	0.1665	0.2916	0.2667	0.3562	0.3594	0.3275	0.1440	0.1187	0.3981	0.3436	0.2790	0.4028	0.1579	0.3928	0.3259	0.1443	0.2932	0.2750	0.3459	0.3259	0.1467	0.1528	0.3243	0.3159	0.2947	0.3874	0.3867	0.2111	0.4076	0.3268	0.1571	0.4117	0.1379	0.4021	0.3724	0.0000	0.2906	0.2745	0.4335	0.3582	0.1138	0.2647	0.2815	0.3332	0.2868	0.3362	0.4175
0.2482	0.0631	0.0669	0.0695	0.0462	0.0604	0.2582	0.0514	0.5316	0.0673	0.4946	0.2528	0.4980	0.2970	0.0426	0.0521	0.5104	0.5231	0.4992	0.3030	0.3022	0.2628	0.5004	0.0472	0.2752	0.3039	0.2484	0.5217	0.3014	0.0402	0.0673	0.5093	0.5160	0.3058	0.3086	0.5198	0.4893	0.0580	0.2633	0.3847	0.1968	0.2628	0.5127	0.2941	0.2704	0.3072	0.2730	0.5274	0.2906	0.0000	0.0655	0.2682	0.4666	0.2975	0.0562	0.0659	0.4976	0.0740	0.5016	0.2672
0.2375	0.0430	0.0561	0.0498	0.0593	0.0336	0.2426	0.0636	0.5171	0.0502	0.5115	0.2618	0.5020	0.3250	0.0552	0.0468	0.5251	0.4984	0.4793	0.2877	0.2988	0.2442	0.5147	0.0456	0.2520	0.3150	0.2359	0.5044	0.2747	0.0690	0.0445	0.5076	0.5041	0.3169	0.3130	0.4932	0.4747	0.0644	0.2428	0.3864	0.2163	0.2494	0.4976	0.2998	0.2628	0.3003	0.2500	0.5292	0.2745	0.0655	0.0000	0.2748	0.4884	0.2936	0.0365	0.0511	0.4819	0.0488	0.5052	0.2639
0.1286	0.2947	0.2725	0.2760	0.2671	0.2788	0.1295	0.2530	0.3916	0.2748	0.3402	0.1276	0.3252	0.4444	0.2690	0.2758	0.3672	0.3555	0.3846	0.4215	0.4273	0.1552	0.3756	0.2829	0.1472	0.4242	0.1563	0.3477	0.4237	0.2746	0.2671	0.3599	0.3834	0.4465	0.4228	0.3586	0.3708	0.2556	0.1404	0.2299	0.3743	0.1483	0.3685	0.4291	0.1514	0.4507	0.1167	0.3536	0.4335	0.2682	0.2748	0.0000	0.3481	0.4403	0.2926	0.2608	0.3650	0.2629	0.3710	0.1515
0.3505	0.4849	0.4980	0.4984	0.4712	0.4914	0.3534	0.4810	0.2450	0.4860	0.2270	0.3527	0.2263	0.3413	0.4782	0.4842	0.2447	0.2356	0.2327	0.3644	0.3351	0.3684	0.2011	0.4792	0.3612	0.3650	0.3652	0.2110	0.3673	0.4743	0.4966	0.2096	0.2282	0.3671	0.3565	0.2257	0.2340	0.4844	0.3546	0.3184	0.4167	0.3789	0.1931	0.3570	0.3749	0.3776	0.3494	0.2064	0.3582	0.4666	0.4884	0.3481	0.0000	0.3367	0.4895	0.4910	0.2075	0.5038	0.2082	0.3587
0.4045	0.2817	0.2998	0.3008	0.2915	0.2923	0.4037	0.3169	0.3389	0.2992	0.3533	0.4273	0.3496	0.1522	0.3007	0.2867	0.3449	0.3590	0.3360	0.1379	0.1125	0.4068	0.3347	0.2862	0.4169	0.1595	0.4035	0.3306	0.1512	0.2964	0.2998	0.3377	0.3315	0.1554	0.1435	0.3247	0.3127	0.3073	0.3976	0.3969	0.2160	0.4224	0.3291	0.1481	0.4223	0.1475	0.4270	0.3663	0.1138	0.2975	0.2936	0.4403	0.3367	0.0000	0.2839	0.2979	0.3371	0.3117	0.3229	0.4156
0.2373	0.0360	0.0507	0.0567	0.0535	0.0315	0.2492	0.0703	0.5164	0.0419	0.5058	0.2778	0.5045	0.3176	0.0533	0.0370	0.5291	0.5091	0.4795	0.2792	0.2897	0.2492	0.5124	0.0395	0.2527	0.3199	0.2404	0.5044	0.2788	0.0616	0.0474	0.5065	0.5016	0.3053	0.3104	0.5004	0.4659	0.0731	0.2459	0.3960	0.2206	0.2516	0.4992	0.2870	0.2641	0.2938	0.2628	0.5358	0.2647	0.0562	0.0365	0.2926	0.4895	0.2839	0.0000	0.0532	0.4716	0.0597	0.5177	0.2657
0.2353	0.0568	0.0330	0.0355	0.0630	0.0558	0.2465	0.0486	0.5256	0.0376	0.4887	0.2476	0.4821	0.3264	0.0578	0.0536	0.5073	0.4852	0.5020	0.2717	0.3015	0.2557	0.5321	0.0573	0.2644	0.2973	0.2494	0.4922	0.2644	0.0634	0.0336	0.5091	0.5136	0.3098	0.2825	0.4992	0.4827	0.0462	0.2575	0.3700	0.1894	0.2386	0.4992	0.2954	0.2435	0.2939	0.2432	0.5118	0.2815	0.0659	0.0511	0.2608	0.4910	0.2979	0.0532	0.0000	0.4980	0.0270	0.5200	0.2805
0.3266	0.4838	0.5008	0.4944	0.4941	0.4730	0.3335	0.5080	0.2031	0.4880	0.2421	0.3727	0.2127	0.3567	0.5024	0.4802	0.2541	0.2216	0.1905	0.3426	0.3376	0.3380	0.2049	0.4867	0.3383	0.3823	0.3420	0.1849	0.3554	0.5004	0.4922	0.1940	0.1900	0.3690	0.3606	0.1905	0.1993	0.5104	0.3227	0.3051	0.4431	0.3578	0.1712	0.3620	0.3668	0.3556	0.3318	0.2247	0.3332	0.4976	0.4819	0.3650	0.2075	0.3371	0.4716	0.4980	0.0000	0.5025	0.1907	0.3511
0.2388	0.0556	0.0386	0.0288	0.0600	0.0517	0.2547	0.0453	0.5171	0.0401	0.4941	0.2473	0.4846	0.3319	0.0581	0.0610	0.5085	0.4924	0.5085	0.2770	0.3046	0.2611	0.5328	0.0619	0.2684	0.2955	0.2605	0.4898	0.2620	0.0656	0.0326	0.5124	0.5251	0.3146	0.2898	0.4959	0.4878	0.0432	0.2593	0.3745	0.1943	0.2477	0.5004	0.2974	0.2377	0.3029	0.2374	0.5178	0.2868	0.0740	0.0488	0.2629	0.5038	0.3117	0.0597	0.0270	0.5025	0.0000	0.5230	0.2772
0.3628	0.5145	0.5338	0.5197	0.5027	0.5169	0.3564	0.5052	0.2140	0.5206	0.2094	0.3699	0.1945	0.3421	0.5130	0.5068	0.2162	0.2010	0.2088	0.3507	0.3121	0.3642	0.1908	0.4972	0.3677	0.3420	0.3667	0.1851	0.3603	0.4980	0.5275	0.1796	0.2010	0.3516	0.3501	0.1589	0.2056	0.5130	0.3552	0.3012	0.4140	0.3812	0.1730	0.3466	0.3957	0.3520	0.3609	0.1911	0.3362	0.5016	0.5052	0.3710	0.2082	0.3229	0.5177	0.5200	0.1907	0.5230	0.0000	0.3559
0.1303	0.2665	0.2886	0.2864	0.2494	0.2658	0.1255	0.2734	0.4035	0.2671	0.3777	0.1452	0.3563	0.4362	0.2704	0.2617	0.4005	0.3809	0.3747	0.4167	0.4135	0.1487	0.3791	0.2578	0.1388	0.4443	0.1502	0.3547	0.4291	0.2679	0.2846	0.3611	0.3756	0.4317	0.4303	0.3588	0.3639	0.2720	0.1284	0.2576	0.3962	0.1573	0.3641	0.4329	0.1730	0.4415	0.1419	0.3873	0.4175	0.2672	0.2639	0.1515	0.3587	0.4156	0.2657	0.2805	0.3511	0.2772	0.3559	0.0000
