Sim1	Sim2	Sim3	Sim4	Sim5	Sim6	Sim7	Sim8	Sim10	Sim12	Sim15	Sim16	Sim22	Sim24	Sim25	Sim27	Sim30	Sim31	Sim38	Sim39	Sim40	Sim41	Sim42	Sim45	Sim47	Sim50	Sim51	Sim52	Sim55	Sim56	Sim58	Sim60
0.0000	0.2492	0.2498	0.2465	0.2510	0.2375	0.0963	0.2518	0.2330	0.1308	0.2514	0.2281	0.1133	0.2456	0.1120	0.1040	0.2582	0.2328	0.2541	0.0886	0.2301	0.3741	0.1140	0.1323	0.0851	0.2482	0.2375	0.1286	0.2373	0.2353	0.2388	0.1303
0.2492	0.0000	0.0455	0.0413	0.0510	0.0444	0.2526	0.0678	0.0471	0.2747	0.0589	0.0459	0.2595	0.0464	0.2471	0.2555	0.0635	0.0522	0.0787	0.2536	0.4011	0.2147	0.2718	0.2641	0.2722	0.0631	0.0430	0.2947	0.0360	0.0568	0.0556	0.2665
0.2498	0.0455	0.0000	0.0301	0.0725	0.0561	0.2601	0.0584	0.0447	0.2605	0.0639	0.0590	0.2647	0.0687	0.2672	0.2590	0.0637	0.0349	0.0505	0.2700	0.3815	0.1857	0.2428	0.2409	0.2614	0.0669	0.0561	0.2725	0.0507	0.0330	0.0386	0.2886
0.2465	0.0413	0.0301	0.0000	0.0690	0.0562	0.2644	0.0445	0.0478	0.2571	0.0614	0.0592	0.2712	0.0634	0.2667	0.2590	0.0664	0.0318	0.0573	0.2629	0.3777	0.1952	0.2490	0.2416	0.2445	0.0695	0.0498	0.2760	0.0567	0.0355	0.0288	0.2864
0.2510	0.0510	0.0725	0.0690	0.0000	0.0522	0.2609	0.0525	0.0565	0.2469	0.0431	0.0543	0.2606	0.0484	0.2654	0.2595	0.0443	0.0659	0.0478	0.2595	0.3891	0.1966	0.2772	0.2787	0.2759	0.0462	0.0593	0.2671	0.0535	0.0630	0.0600	0.2494
0.2375	0.0444	0.0561	0.0562	0.0522	0.0000	0.2498	0.0686	0.0515	0.2679	0.0472	0.0376	0.2425	0.0410	0.2540	0.2391	0.0709	0.0474	0.0681	0.2348	0.3873	0.2215	0.2510	0.2687	0.2547	0.0604	0.0336	0.2788	0.0315	0.0558	0.0517	0.2658
0.0963	0.2526	0.2601	0.2644	0.2609	0.2498	0.0000	0.2671	0.2427	0.1403	0.2666	0.2410	0.1181	0.2528	0.1085	0.1010	0.2644	0.2605	0.2697	0.0988	0.2438	0.3783	0.1272	0.1441	0.1042	0.2582	0.2426	0.1295	0.2492	0.2465	0.2547	0.1255
0.2518	0.0678	0.0584	0.0445	0.0525	0.0686	0.2671	0.0000	0.0643	0.2305	0.0491	0.0703	0.2760	0.0590	0.2790	0.2655	0.0520	0.0484	0.0398	0.2681	0.3810	0.1837	0.2545	0.2626	0.2508	0.0514	0.0636	0.2530	0.0703	0.0486	0.0453	0.2734
0.2330	0.0471	0.0447	0.0478	0.0565	0.0515	0.2427	0.0643	0.0000	0.2605	0.0519	0.0416	0.2526	0.0546	0.2581	0.2436	0.0569	0.0440	0.0602	0.2470	0.3882	0.2042	0.2486	0.2500	0.2500	0.0673	0.0502	0.2748	0.0419	0.0376	0.0401	0.2671
0.1308	0.2747	0.2605	0.2571	0.2469	0.2679	0.1403	0.2305	0.2605	0.0000	0.2504	0.2634	0.1573	0.2620	0.1542	0.1630	0.2498	0.2583	0.2354	0.1417	0.2378	0.3509	0.1451	0.1571	0.1153	0.2528	0.2618	0.1276	0.2778	0.2476	0.2473	0.1452
0.2514	0.0589	0.0639	0.0614	0.0431	0.0472	0.2666	0.0491	0.0519	0.2504	0.0000	0.0517	0.2665	0.0445	0.2766	0.2584	0.0427	0.0588	0.0495	0.2584	0.3893	0.1964	0.2646	0.2706	0.2651	0.0426	0.0552	0.2690	0.0533	0.0578	0.0581	0.2704
0.2281	0.0459	0.0590	0.0592	0.0543	0.0376	0.2410	0.0703	0.0416	0.2634	0.0517	0.0000	0.2399	0.0507	0.2591	0.2352	0.0689	0.0515	0.0657	0.2413	0.3894	0.2170	0.2527	0.2633	0.2599	0.0521	0.0468	0.2758	0.0370	0.0536	0.0610	0.2617
0.1133	0.2595	0.2647	0.2712	0.2606	0.2425	0.1181	0.2760	0.2526	0.1573	0.2665	0.2399	0.0000	0.2603	0.1375	0.1302	0.2727	0.2596	0.2705	0.1124	0.2620	0.3963	0.1462	0.1589	0.1239	0.2628	0.2442	0.1552	0.2492	0.2557	0.2611	0.1487
0.2456	0.0464	0.0687	0.0634	0.0484	0.0410	0.2528	0.0590	0.0546	0.2620	0.0445	0.0507	0.2603	0.0000	0.2659	0.2463	0.0478	0.0580	0.0679	0.2464	0.3922	0.2058	0.2613	0.2691	0.2661	0.0472	0.0456	0.2829	0.0395	0.0573	0.0619	0.2578
0.1120	0.2471	0.2672	0.2667	0.2654	0.2540	0.1085	0.2790	0.2581	0.1542	0.2766	0.2591	0.1375	0.2659	0.0000	0.1336	0.2736	0.2688	0.2820	0.1158	0.2427	0.3918	0.1496	0.1377	0.1183	0.2752	0.2520	0.1472	0.2527	0.2644	0.2684	0.1388
0.1040	0.2555	0.2590	0.2590	0.2595	0.2391	0.1010	0.2655	0.2436	0.1630	0.2584	0.2352	0.1302	0.2463	0.1336	0.0000	0.2603	0.2520	0.2710	0.1070	0.2583	0.3818	0.1324	0.1587	0.1116	0.2484	0.2359	0.1563	0.2404	0.2494	0.2605	0.1502
0.2582	0.0635	0.0637	0.0664	0.0443	0.0709	0.2644	0.0520	0.0569	0.2498	0.0427	0.0689	0.2727	0.0478	0.2736	0.2603	0.0000	0.0664	0.0552	0.2727	0.3912	0.1933	0.2688	0.2696	0.2716	0.0402	0.0690	0.2746	0.0616	0.0634	0.0656	0.2679
0.2328	0.0522	0.0349	0.0318	0.0659	0.0474	0.2605	0.0484	0.0440	0.2583	0.0588	0.0515	0.2596	0.0580	0.2688	0.2520	0.0664	0.0000	0.0485	0.2586	0.3784	0.1991	0.2376	0.2525	0.2422	0.0673	0.0445	0.2671	0.0474	0.0336	0.0326	0.2846
0.2541	0.0787	0.0505	0.0573	0.0478	0.0681	0.2697	0.0398	0.0602	0.2354	0.0495	0.0657	0.2705	0.0679	0.2820	0.2710	0.0552	0.0485	0.0000	0.2747	0.3689	0.1734	0.2502	0.2592	0.2608	0.0580	0.0644	0.2556	0.0731	0.0462	0.0432	0.2720
0.0886	0.2536	0.2700	0.2629	0.2595	0.2348	0.0988	0.2681	0.2470	0.1417	0.2584	0.2413	0.1124	0.2464	0.1158	0.1070	0.2727	0.2586	0.2747	0.0000	0.2422	0.3872	0.1326	0.1477	0.0965	0.2633	0.2428	0.1404	0.2459	0.2575	0.2593	0.1284
0.2301	0.4011	0.3815	0.3777	0.3891	0.3873	0.2438	0.3810	0.3882	0.2378	0.3893	0.3894	0.2620	0.3922	0.2427	0.2583	0.3912	0.3784	0.3689	0.2422	0.0000	0.3313	0.2386	0.2457	0.2203	0.3847	0.3864	0.2299	0.3960	0.3700	0.3745	0.2576
0.3741	0.2147	0.1857	0.1952	0.1966	0.2215	0.3783	0.1837	0.2042	0.3509	0.1964	0.2170	0.3963	0.2058	0.3918	0.3818	0.1933	0.1991	0.1734	0.3872	0.3313	0.0000	0.3733	0.3618	0.3776	0.1968	0.2163	0.3743	0.2206	0.1894	0.1943	0.3962
0.1140	0.2718	0.2428	0.2490	0.2772	0.2510	0.1272	0.2545	0.2486	0.1451	0.2646	0.2527	0.1462	0.2613	0.1496	0.1324	0.2688	0.2376	0.2502	0.1326	0.2386	0.3733	0.0000	0.1522	0.1112	0.2628	0.2494	0.1483	0.2516	0.2386	0.2477	0.1573
0.1323	0.2641	0.2409	0.2416	0.2787	0.2687	0.1441	0.2626	0.2500	0.1571	0.2706	0.2633	0.1589	0.2691	0.1377	0.1587	0.2696	0.2525	0.2592	0.1477	0.2457	0.3618	0.1522	0.0000	0.1173	0.2704	0.2628	0.1514	0.2641	0.2435	0.2377	0.1730
0.0851	0.2722	0.2614	0.2445	0.2759	0.2547	0.1042	0.2508	0.2500	0.1153	0.2651	0.2599	0.1239	0.2661	0.1183	0.1116	0.2716	0.2422	0.2608	0.0965	0.2203	0.3776	0.1112	0.1173	0.0000	0.2730	0.2500	0.1167	0.2628	0.2432	0.2374	0.1419
0.2482	0.0631	0.0669	0.0695	0.0462	0.0604	0.2582	0.0514	0.0673	0.2528	0.0426	0.0521	0.2628	0.0472	0.2752	0.2484	0.0402	0.0673	0.0580	0.2633	0.3847	0.1968	0.2628	0.2704	0.2730	0.0000	0.0655	0.2682	0.0562	0.0659	0.0740	0.2672
0.2375	0.0430	0.0561	0.0498	0.0593	0.0336	0.2426	0.0636	0.0502	0.2618	0.0552	0.0468	0.2442	0.0456	0.2520	0.2359	0.0690	0.0445	0.0644	0.2428	0.3864	0.2163	0.2494	0.2628	0.2500	0.0655	0.0000	0.2748	0.0365	0.0511	0.0488	0.2639
0.1286	0.2947	0.2725	0.2760	0.2671	0.2788	0.1295	0.2530	0.2748	0.1276	0.2690	0.2758	0.1552	0.2829	0.1472	0.1563	0.2746	0.2671	0.2556	0.1404	0.2299	0.3743	0.1483	0.1514	0.1167	0.2682	0.2748	0.0000	0.2926	0.2608	0.2629	0.1515
0.2373	0.0360	0.0507	0.0567	0.0535	0.0315	0.2492	0.0703	0.0419	0.2778	0.0533	0.0370	0.2492	0.0395	0.2527	0.2404	0.0616	0.0474	0.0731	0.2459	0.3960	0.2206	0.2516	0.2641	0.2628	0.0562	0.0365	0.2926	0.0000	0.0532	0.0597	0.2657
0.2353	0.0568	0.0330	0.0355	0.0630	0.0558	0.2465	0.0486	0.0376	0.2476	0.0578	0.0536	0.2557	0.0573	0.2644	0.2494	0.0634	0.0336	0.0462	0.2575	0.3700	0.1894	0.2386	0.2435	0.2432	0.0659	0.0511	0.2608	0.0532	0.0000	0.0270	0.2805
0.2388	0.0556	0.0386	0.0288	0.0600	0.0517	0.2547	0.0453	0.0401	0.2473	0.0581	0.0610	0.2611	0.0619	0.2684	0.2605	0.0656	0.0326	0.0432	0.2593	0.3745	0.1943	0.2477	0.2377	0.2374	0.0740	0.0488	0.2629	0.0597	0.0270	0.0000	0.2772
0.1303	0.2665	0.2886	0.2864	0.2494	0.2658	0.1255	0.2734	0.2671	0.1452	0.2704	0.2617	0.1487	0.2578	0.1388	0.1502	0.2679	0.2846	0.2720	0.1284	0.2576	0.3962	0.1573	0.1730	0.1419	0.2672	0.2639	0.1515	0.2657	0.2805	0.2772	0.0000
