Sim2	Sim5	Sim7	Sim12	Sim20	Sim21	Sim25	Sim27	Sim28	Sim30	Sim31	Sim33	Sim35	Sim36	Sim43	Sim44	Sim46	Sim52	Sim56	Sim57
0.0000	0.2961	0.1567	0.1508	0.1614	0.1537	0.1670	0.3042	0.2900	0.1711	0.1533	0.1603	0.1417	0.2418	0.1620	0.2910	0.1345	0.1507	0.1554	0.2905
0.2961	0.0000	0.2769	0.2991	0.2766	0.2743	0.3051	0.2041	0.2059	0.2883	0.2642	0.2841	0.2858	0.3287	0.2752	0.1658	0.2720	0.2726	0.2871	0.2037
0.1567	0.2769	0.0000	0.1459	0.1319	0.1206	0.1594	0.2849	0.2829	0.1386	0.0960	0.1309	0.1365	0.2065	0.1405	0.2780	0.1099	0.1148	0.1175	0.2855
0.1508	0.2991	0.1459	0.0000	0.1447	0.1583	0.1453	0.3188	0.2888	0.1529	0.1515	0.1384	0.1317	0.2225	0.1388	0.2761	0.1449	0.1404	0.1515	0.2916
0.1614	0.2766	0.1319	0.1447	0.0000	0.1436	0.1534	0.3133	0.2921	0.1650	0.1290	0.1391	0.1427	0.2276	0.1397	0.2780	0.1446	0.1391	0.1394	0.2886
0.1537	0.2743	0.1206	0.1583	0.1436	0.0000	0.1587	0.2860	0.2917	0.1321	0.1058	0.1352	0.1499	0.2069	0.1397	0.2785	0.1163	0.1061	0.1263	0.3018
0.1670	0.3051	0.1594	0.1453	0.1534	0.1587	0.0000	0.3126	0.2963	0.1727	0.1528	0.1520	0.1510	0.2316	0.1609	0.2905	0.1511	0.1434	0.1585	0.2974
0.3042	0.2041	0.2849	0.3188	0.3133	0.2860	0.3126	0.0000	0.1983	0.2854	0.2815	0.3124	0.3081	0.3429	0.3056	0.1722	0.2793	0.2790	0.2944	0.2125
0.2900	0.2059	0.2829	0.2888	0.2921	0.2917	0.2963	0.1983	0.0000	0.2960	0.2862	0.2970	0.2846	0.3376	0.2856	0.1890	0.2855	0.2776	0.2871	0.2073
0.1711	0.2883	0.1386	0.1529	0.1650	0.1321	0.1727	0.2854	0.2960	0.0000	0.1276	0.1560	0.1471	0.2034	0.1495	0.2789	0.1300	0.1279	0.1352	0.3095
0.1533	0.2642	0.0960	0.1515	0.1290	0.1058	0.1528	0.2815	0.2862	0.1276	0.0000	0.1222	0.1327	0.1990	0.1307	0.2691	0.1045	0.1009	0.1094	0.2848
0.1603	0.2841	0.1309	0.1384	0.1391	0.1352	0.1520	0.3124	0.2970	0.1560	0.1222	0.0000	0.1324	0.2280	0.1386	0.2885	0.1293	0.1336	0.1406	0.2885
0.1417	0.2858	0.1365	0.1317	0.1427	0.1499	0.1510	0.3081	0.2846	0.1471	0.1327	0.1324	0.0000	0.2188	0.1316	0.2812	0.1303	0.1386	0.1440	0.2890
0.2418	0.3287	0.2065	0.2225	0.2276	0.2069	0.2316	0.3429	0.3376	0.2034	0.1990	0.2280	0.2188	0.0000	0.2282	0.3394	0.2177	0.2109	0.2153	0.3445
0.1620	0.2752	0.1405	0.1388	0.1397	0.1397	0.1609	0.3056	0.2856	0.1495	0.1307	0.1386	0.1316	0.2282	0.0000	0.2786	0.1332	0.1392	0.1405	0.2922
0.2910	0.1658	0.2780	0.2761	0.2780	0.2785	0.2905	0.1722	0.1890	0.2789	0.2691	0.2885	0.2812	0.3394	0.2786	0.0000	0.2754	0.2765	0.2820	0.1740
0.1345	0.2720	0.1099	0.1449	0.1446	0.1163	0.1511	0.2793	0.2855	0.1300	0.1045	0.1293	0.1303	0.2177	0.1332	0.2754	0.0000	0.1134	0.1207	0.2871
0.1507	0.2726	0.1148	0.1404	0.1391	0.1061	0.1434	0.2790	0.2776	0.1279	0.1009	0.1336	0.1386	0.2109	0.1392	0.2765	0.1134	0.0000	0.1014	0.2854
0.1554	0.2871	0.1175	0.1515	0.1394	0.1263	0.1585	0.2944	0.2871	0.1352	0.1094	0.1406	0.1440	0.2153	0.1405	0.2820	0.1207	0.1014	0.0000	0.2947
0.2905	0.2037	0.2855	0.2916	0.2886	0.3018	0.2974	0.2125	0.2073	0.3095	0.2848	0.2885	0.2890	0.3445	0.2922	0.1740	0.2871	0.2854	0.2947	0.0000
