Sim2	Sim5	Sim7	Sim10	Sim11	Sim12	Sim15	Sim16	Sim18	Sim20	Sim21	Sim25	Sim27	Sim28	Sim29	Sim30	Sim31	Sim33	Sim35	Sim36	Sim38	Sim41	Sim42	Sim43	Sim44	Sim46	Sim49	Sim52	Sim56	Sim57	Sim59
0.0000	0.2302	0.0877	0.3006	0.2868	0.1192	0.2978	0.2826	0.2764	0.1354	0.1221	0.1241	0.2250	0.2364	0.2838	0.1049	0.1214	0.1097	0.1165	0.2109	0.2950	0.2943	0.2805	0.1374	0.2041	0.1008	0.3818	0.1110	0.1179	0.2127	0.2931
0.2302	0.0000	0.2078	0.2574	0.2484	0.2283	0.2442	0.2324	0.2414	0.2363	0.2296	0.2258	0.1786	0.1637	0.2639	0.2334	0.2162	0.2289	0.1951	0.2904	0.2538	0.2409	0.2319	0.2172	0.1557	0.2176	0.2770	0.2111	0.2338	0.1650	0.2402
0.0877	0.2078	0.0000	0.3094	0.2848	0.0978	0.3084	0.2821	0.2689	0.1173	0.1001	0.1063	0.2095	0.2072	0.2897	0.0892	0.0909	0.0882	0.0963	0.2107	0.3052	0.2985	0.2871	0.1175	0.1871	0.0790	0.3772	0.0964	0.1014	0.1900	0.2984
0.3006	0.2574	0.3094	0.0000	0.0900	0.3027	0.0827	0.0843	0.1160	0.2980	0.2974	0.2956	0.2508	0.2564	0.0925	0.2962	0.2932	0.3127	0.3039	0.4703	0.0794	0.0832	0.0865	0.2909	0.2470	0.2973	0.1406	0.2834	0.2892	0.2704	0.0759
0.2868	0.2484	0.2848	0.0900	0.0000	0.2976	0.0752	0.0862	0.0943	0.2948	0.2906	0.2784	0.2367	0.2449	0.0887	0.2926	0.2899	0.2888	0.2898	0.4589	0.0964	0.0655	0.0769	0.2933	0.2413	0.2835	0.1328	0.2736	0.2955	0.2505	0.0909
0.1192	0.2283	0.0978	0.3027	0.2976	0.0000	0.3220	0.2923	0.2895	0.1424	0.1277	0.1448	0.2439	0.2399	0.2836	0.1132	0.1128	0.1145	0.1254	0.2083	0.2999	0.3139	0.3025	0.1315	0.2205	0.1179	0.3948	0.1374	0.1102	0.2096	0.2997
0.2978	0.2442	0.3084	0.0827	0.0752	0.3220	0.0000	0.0736	0.1025	0.2965	0.3000	0.2882	0.2358	0.2394	0.0945	0.3099	0.2937	0.3131	0.2948	0.4673	0.0867	0.0670	0.0705	0.2872	0.2382	0.2970	0.1315	0.2743	0.3104	0.2595	0.0755
0.2826	0.2324	0.2821	0.0843	0.0862	0.2923	0.0736	0.0000	0.0751	0.2958	0.3015	0.2876	0.2459	0.2455	0.0912	0.2914	0.2914	0.3060	0.2801	0.4530	0.0820	0.0676	0.0521	0.2925	0.2211	0.2887	0.1310	0.2736	0.2963	0.2529	0.0636
0.2764	0.2414	0.2689	0.1160	0.0943	0.2895	0.1025	0.0751	0.0000	0.3097	0.3077	0.2762	0.2671	0.2661	0.0923	0.2866	0.3079	0.2979	0.3029	0.4699	0.0996	0.0884	0.0732	0.3165	0.2406	0.2870	0.1147	0.2991	0.2940	0.2434	0.0890
0.1354	0.2363	0.1173	0.2980	0.2948	0.1424	0.2965	0.2958	0.3097	0.0000	0.1080	0.1368	0.2080	0.2239	0.2938	0.1404	0.0988	0.1240	0.1200	0.2191	0.2996	0.3049	0.2983	0.1128	0.2204	0.1121	0.4011	0.1133	0.1171	0.2261	0.2975
0.1221	0.2296	0.1001	0.2974	0.2906	0.1277	0.3000	0.3015	0.3077	0.1080	0.0000	0.1266	0.1987	0.2150	0.2872	0.1240	0.0885	0.1106	0.1118	0.2187	0.2910	0.2995	0.3030	0.1004	0.2215	0.0983	0.3946	0.0975	0.1067	0.2085	0.2955
0.1241	0.2258	0.1063	0.2956	0.2784	0.1448	0.2882	0.2876	0.2762	0.1368	0.1266	0.0000	0.2134	0.2187	0.2691	0.1333	0.1142	0.1102	0.1297	0.2375	0.2994	0.2857	0.2942	0.1395	0.2202	0.1017	0.3794	0.1178	0.1222	0.1932	0.3023
0.2250	0.1786	0.2095	0.2508	0.2367	0.2439	0.2358	0.2459	0.2671	0.2080	0.1987	0.2134	0.0000	0.1545	0.2614	0.2344	0.1969	0.2090	0.2024	0.2904	0.2517	0.2352	0.2453	0.2003	0.1645	0.2001	0.2979	0.1951	0.2223	0.1656	0.2517
0.2364	0.1637	0.2072	0.2564	0.2449	0.2399	0.2394	0.2455	0.2661	0.2239	0.2150	0.2187	0.1545	0.0000	0.2674	0.2359	0.1965	0.2192	0.2004	0.2997	0.2637	0.2399	0.2450	0.2041	0.1534	0.2090	0.2881	0.2042	0.2320	0.1564	0.2506
0.2838	0.2639	0.2897	0.0925	0.0887	0.2836	0.0945	0.0912	0.0923	0.2938	0.2872	0.2691	0.2614	0.2674	0.0000	0.2804	0.2998	0.2901	0.3151	0.4800	0.0909	0.0820	0.0935	0.2972	0.2572	0.2761	0.1530	0.2932	0.2761	0.2494	0.0916
0.1049	0.2334	0.0892	0.2962	0.2926	0.1132	0.3099	0.2914	0.2866	0.1404	0.1240	0.1333	0.2344	0.2359	0.2804	0.0000	0.1162	0.1072	0.1169	0.2150	0.2937	0.3067	0.2966	0.1273	0.2125	0.1021	0.3907	0.1257	0.1091	0.2168	0.2922
0.1214	0.2162	0.0909	0.2932	0.2899	0.1128	0.2937	0.2914	0.3079	0.0988	0.0885	0.1142	0.1969	0.1965	0.2998	0.1162	0.0000	0.1039	0.0848	0.2066	0.2972	0.3004	0.2975	0.0930	0.1983	0.0979	0.3966	0.0879	0.1017	0.2020	0.2898
0.1097	0.2289	0.0882	0.3127	0.2888	0.1145	0.3131	0.3060	0.2979	0.1240	0.1106	0.1102	0.2090	0.2192	0.2901	0.1072	0.1039	0.0000	0.1167	0.2132	0.3226	0.3070	0.3109	0.1255	0.2069	0.0848	0.4056	0.1131	0.1074	0.1899	0.3251
0.1165	0.1951	0.0963	0.3039	0.2898	0.1254	0.2948	0.2801	0.3029	0.1200	0.1118	0.1297	0.2024	0.2004	0.3151	0.1169	0.0848	0.1167	0.0000	0.1838	0.3014	0.3040	0.2842	0.1054	0.1901	0.1081	0.3882	0.0920	0.1183	0.2082	0.2917
0.2109	0.2904	0.2107	0.4703	0.4589	0.2083	0.4673	0.4530	0.4699	0.2191	0.2187	0.2375	0.2904	0.2997	0.4800	0.2150	0.2066	0.2132	0.1838	0.0000	0.4679	0.4709	0.4552	0.2037	0.2928	0.2194	0.5483	0.2091	0.2203	0.3026	0.4598
0.2950	0.2538	0.3052	0.0794	0.0964	0.2999	0.0867	0.0820	0.0996	0.2996	0.2910	0.2994	0.2517	0.2637	0.0909	0.2937	0.2972	0.3226	0.3014	0.4679	0.0000	0.0789	0.0779	0.2946	0.2467	0.3032	0.1347	0.2896	0.2968	0.2604	0.0618
0.2943	0.2409	0.2985	0.0832	0.0655	0.3139	0.0670	0.0676	0.0884	0.3049	0.2995	0.2857	0.2352	0.2399	0.0820	0.3067	0.3004	0.3070	0.3040	0.4709	0.0789	0.0000	0.0645	0.2999	0.2283	0.2920	0.1238	0.2827	0.3013	0.2400	0.0756
0.2805	0.2319	0.2871	0.0865	0.0769	0.3025	0.0705	0.0521	0.0732	0.2983	0.3030	0.2942	0.2453	0.2450	0.0935	0.2966	0.2975	0.3109	0.2842	0.4552	0.0779	0.0645	0.0000	0.2989	0.2236	0.2984	0.1189	0.2834	0.3053	0.2521	0.0585
0.1374	0.2172	0.1175	0.2909	0.2933	0.1315	0.2872	0.2925	0.3165	0.1128	0.1004	0.1395	0.2003	0.2041	0.2972	0.1273	0.0930	0.1255	0.1054	0.2037	0.2946	0.2999	0.2989	0.0000	0.2108	0.1085	0.3944	0.1010	0.1300	0.2147	0.2915
0.2041	0.1557	0.1871	0.2470	0.2413	0.2205	0.2382	0.2211	0.2406	0.2204	0.2215	0.2202	0.1645	0.1534	0.2572	0.2125	0.1983	0.2069	0.1901	0.2928	0.2467	0.2283	0.2236	0.2108	0.0000	0.2041	0.2845	0.2013	0.2167	0.1600	0.2315
0.1008	0.2176	0.0790	0.2973	0.2835	0.1179	0.2970	0.2887	0.2870	0.1121	0.0983	0.1017	0.2001	0.2090	0.2761	0.1021	0.0979	0.0848	0.1081	0.2194	0.3032	0.2920	0.2984	0.1085	0.2041	0.0000	0.3902	0.0881	0.0999	0.1876	0.3084
0.3818	0.2770	0.3772	0.1406	0.1328	0.3948	0.1315	0.1310	0.1147	0.4011	0.3946	0.3794	0.2979	0.2881	0.1530	0.3907	0.3966	0.4056	0.3882	0.5483	0.1347	0.1238	0.1189	0.3944	0.2845	0.3902	0.0000	0.3770	0.3988	0.3056	0.1277
0.1110	0.2111	0.0964	0.2834	0.2736	0.1374	0.2743	0.2736	0.2991	0.1133	0.0975	0.1178	0.1951	0.2042	0.2932	0.1257	0.0879	0.1131	0.0920	0.2091	0.2896	0.2827	0.2834	0.1010	0.2013	0.0881	0.3770	0.0000	0.1179	0.2056	0.2851
0.1179	0.2338	0.1014	0.2892	0.2955	0.1102	0.3104	0.2963	0.2940	0.1171	0.1067	0.1222	0.2223	0.2320	0.2761	0.1091	0.1017	0.1074	0.1183	0.2203	0.2968	0.3013	0.3053	0.1300	0.2167	0.0999	0.3988	0.1179	0.0000	0.1965	0.3004
0.2127	0.1650	0.1900	0.2704	0.2505	0.2096	0.2595	0.2529	0.2434	0.2261	0.2085	0.1932	0.1656	0.1564	0.2494	0.2168	0.2020	0.1899	0.2082	0.3026	0.2604	0.2400	0.2521	0.2147	0.1600	0.1876	0.3056	0.2056	0.1965	0.0000	0.2685
0.2931	0.2402	0.2984	0.0759	0.0909	0.2997	0.0755	0.0636	0.0890	0.2975	0.2955	0.3023	0.2517	0.2506	0.0916	0.2922	0.2898	0.3251	0.2917	0.4598	0.0618	0.0756	0.0585	0.2915	0.2315	0.3084	0.1277	0.2851	0.3004	0.2685	0.0000
