Sim1	Sim2	Sim4	Sim5	Sim6	Sim7	Sim9	Sim10	Sim11	Sim12	Sim14	Sim15	Sim16	Sim18	Sim20	Sim21	Sim23	Sim24	Sim25	Sim27	Sim28	Sim29	Sim30	Sim31	Sim32	Sim33	Sim35	Sim36	Sim38	Sim39	Sim41	Sim42	Sim43	Sim44	Sim46	Sim48	Sim49	Sim50	Sim52	Sim54	Sim55	Sim56	Sim57	Sim59	Sim60
0.0000	0.4898	0.1849	0.3911	0.1521	0.4627	0.1557	0.3256	0.3130	0.4832	0.1352	0.3031	0.3118	0.3082	0.4779	0.4727	0.1721	0.1617	0.4736	0.3613	0.3996	0.3044	0.4724	0.4673	0.1388	0.4737	0.4895	0.5892	0.2826	0.1272	0.2938	0.3105	0.4815	0.3675	0.4703	0.1429	0.3038	0.1362	0.4590	0.1540	0.1199	0.4645	0.3658	0.3002	0.1342
0.4898	0.0000	0.4604	0.2961	0.4937	0.1567	0.4764	0.3537	0.3488	0.1508	0.4846	0.3515	0.3528	0.3481	0.1614	0.1537	0.4809	0.4739	0.1670	0.3042	0.2900	0.3446	0.1711	0.1533	0.4869	0.1603	0.1417	0.2418	0.3646	0.4827	0.3439	0.3405	0.1620	0.2910	0.1345	0.4784	0.5058	0.4675	0.1507	0.4855	0.4878	0.1554	0.2905	0.3426	0.4823
0.1849	0.4604	0.0000	0.3857	0.1875	0.4775	0.1812	0.3059	0.3048	0.4666	0.1814	0.3067	0.2992	0.3228	0.4776	0.4870	0.1830	0.1935	0.4785	0.3759	0.3752	0.2959	0.4706	0.4828	0.1827	0.4776	0.4616	0.5925	0.3132	0.1842	0.3110	0.2958	0.4531	0.3717	0.4725	0.1915	0.2725	0.1646	0.4712	0.1820	0.1795	0.4726	0.3730	0.3091	0.1717
0.3911	0.2961	0.3857	0.0000	0.3939	0.2769	0.3721	0.3157	0.3219	0.2991	0.3877	0.3239	0.2987	0.3112	0.2766	0.2743	0.3914	0.3850	0.3051	0.2041	0.2059	0.3106	0.2883	0.2642	0.3840	0.2841	0.2858	0.3287	0.3086	0.3838	0.2888	0.3039	0.2752	0.1658	0.2720	0.3897	0.3591	0.3840	0.2726	0.3857	0.3854	0.2871	0.2037	0.3091	0.3815
0.1521	0.4937	0.1875	0.3939	0.0000	0.4706	0.1654	0.3163	0.3043	0.4914	0.1435	0.2940	0.3085	0.3203	0.4787	0.4690	0.1795	0.1706	0.4726	0.3746	0.4009	0.2983	0.4746	0.4642	0.1498	0.4832	0.4784	0.5810	0.2961	0.1451	0.2956	0.2936	0.4745	0.3804	0.4723	0.1529	0.2925	0.1542	0.4552	0.1650	0.1425	0.4612	0.3803	0.3052	0.1392
0.4627	0.1567	0.4775	0.2769	0.4706	0.0000	0.4671	0.3696	0.3626	0.1459	0.4681	0.3528	0.3553	0.3530	0.1319	0.1206	0.4742	0.4771	0.1594	0.2849	0.2829	0.3528	0.1386	0.0960	0.4633	0.1309	0.1365	0.2065	0.3500	0.4552	0.3539	0.3744	0.1405	0.2780	0.1099	0.4595	0.5300	0.4513	0.1148	0.4776	0.4582	0.1175	0.2855	0.3539	0.4591
0.1557	0.4764	0.1812	0.3721	0.1654	0.4671	0.0000	0.3177	0.3185	0.4688	0.1344	0.3222	0.3005	0.3136	0.4710	0.4655	0.1673	0.1690	0.4823	0.3699	0.3786	0.3123	0.4659	0.4647	0.1523	0.4637	0.4697	0.5842	0.3098	0.1518	0.3048	0.2992	0.4609	0.3591	0.4718	0.1512	0.2982	0.1410	0.4644	0.1638	0.1413	0.4689	0.3574	0.3071	0.1570
0.3256	0.3537	0.3059	0.3157	0.3163	0.3696	0.3177	0.0000	0.1378	0.3511	0.3052	0.1486	0.1145	0.1317	0.3543	0.3598	0.3175	0.3172	0.3507	0.2980	0.3220	0.1265	0.3584	0.3676	0.3172	0.3594	0.3459	0.5250	0.1280	0.3092	0.1156	0.1236	0.3379	0.2916	0.3445	0.3207	0.2127	0.3103	0.3606	0.2945	0.3161	0.3621	0.3074	0.1232	0.3198
0.3130	0.3488	0.3048	0.3219	0.3043	0.3626	0.3185	0.1378	0.0000	0.3568	0.2932	0.1438	0.1317	0.1399	0.3682	0.3635	0.3023	0.3277	0.3595	0.2817	0.3122	0.1115	0.3647	0.3739	0.2983	0.3746	0.3496	0.5190	0.1207	0.2903	0.1330	0.1229	0.3466	0.3036	0.3497	0.3022	0.2128	0.2863	0.3550	0.3079	0.2996	0.3599	0.2976	0.1261	0.2981
0.4832	0.1508	0.4666	0.2991	0.4914	0.1459	0.4688	0.3511	0.3568	0.0000	0.4812	0.3556	0.3459	0.3433	0.1447	0.1583	0.4746	0.4742	0.1453	0.3188	0.2888	0.3476	0.1529	0.1515	0.4768	0.1384	0.1317	0.2225	0.3571	0.4700	0.3421	0.3420	0.1388	0.2761	0.1449	0.4723	0.5118	0.4594	0.1404	0.4774	0.4753	0.1515	0.2916	0.3330	0.4724
0.1352	0.4846	0.1814	0.3877	0.1435	0.4681	0.1344	0.3052	0.2932	0.4812	0.0000	0.2983	0.2903	0.3054	0.4836	0.4757	0.1556	0.1552	0.4842	0.3619	0.3834	0.2861	0.4672	0.4755	0.1340	0.4794	0.4820	0.5940	0.2852	0.1243	0.2914	0.2894	0.4791	0.3694	0.4695	0.1362	0.2914	0.1211	0.4742	0.1401	0.1190	0.4741	0.3608	0.2981	0.1314
0.3031	0.3515	0.3067	0.3239	0.2940	0.3528	0.3222	0.1486	0.1438	0.3556	0.2983	0.0000	0.1446	0.1561	0.3557	0.3501	0.3106	0.3170	0.3392	0.2853	0.3174	0.1346	0.3526	0.3501	0.3045	0.3576	0.3610	0.5111	0.1240	0.2864	0.1256	0.1434	0.3524	0.3075	0.3501	0.2955	0.2087	0.3023	0.3436	0.2923	0.2955	0.3487	0.3084	0.1390	0.2956
0.3118	0.3528	0.2992	0.2987	0.3085	0.3553	0.3005	0.1145	0.1317	0.3459	0.2903	0.1446	0.0000	0.1380	0.3510	0.3646	0.2969	0.3144	0.3471	0.2787	0.2956	0.1141	0.3670	0.3632	0.3081	0.3508	0.3448	0.5248	0.1104	0.2909	0.1005	0.1121	0.3426	0.2648	0.3476	0.3084	0.2053	0.2916	0.3712	0.2832	0.3014	0.3685	0.2876	0.1146	0.3029
0.3082	0.3481	0.3228	0.3112	0.3203	0.3530	0.3136	0.1317	0.1399	0.3433	0.3054	0.1561	0.1380	0.0000	0.3367	0.3569	0.3118	0.3112	0.3307	0.3027	0.3063	0.1410	0.3712	0.3616	0.3087	0.3479	0.3566	0.5153	0.1317	0.3034	0.1061	0.1273	0.3482	0.2870	0.3531	0.3072	0.2266	0.3110	0.3473	0.2834	0.3007	0.3539	0.2930	0.1152	0.3086
0.4779	0.1614	0.4776	0.2766	0.4787	0.1319	0.4710	0.3543	0.3682	0.1447	0.4836	0.3557	0.3510	0.3367	0.0000	0.1436	0.4918	0.4658	0.1534	0.3133	0.2921	0.3602	0.1650	0.1290	0.4764	0.1391	0.1427	0.2276	0.3546	0.4675	0.3302	0.3571	0.1397	0.2780	0.1446	0.4800	0.5175	0.4750	0.1391	0.4688	0.4711	0.1394	0.2886	0.3501	0.4750
0.4727	0.1537	0.4870	0.2743	0.4690	0.1206	0.4655	0.3598	0.3635	0.1583	0.4757	0.3501	0.3646	0.3569	0.1436	0.0000	0.4706	0.4784	0.1587	0.2860	0.2917	0.3569	0.1321	0.1058	0.4791	0.1352	0.1499	0.2069	0.3543	0.4656	0.3582	0.3680	0.1397	0.2785	0.1163	0.4656	0.5289	0.4612	0.1061	0.4839	0.4644	0.1263	0.3018	0.3585	0.4686
0.1721	0.4809	0.1830	0.3914	0.1795	0.4742	0.1673	0.3175	0.3023	0.4746	0.1556	0.3106	0.2969	0.3118	0.4918	0.4706	0.0000	0.1900	0.4794	0.3703	0.3832	0.2918	0.4665	0.4742	0.1666	0.4791	0.4819	0.5740	0.3085	0.1678	0.3133	0.2977	0.4797	0.3704	0.4591	0.1714	0.2956	0.1458	0.4562	0.1737	0.1543	0.4619	0.3715	0.3094	0.1603
0.1617	0.4739	0.1935	0.3850	0.1706	0.4771	0.1690	0.3172	0.3277	0.4742	0.1552	0.3170	0.3144	0.3112	0.4658	0.4784	0.1900	0.0000	0.4693	0.3823	0.3828	0.3222	0.4882	0.4782	0.1626	0.4612	0.4753	0.5853	0.3072	0.1577	0.2952	0.3056	0.4755	0.3663	0.4846	0.1695	0.3022	0.1736	0.4548	0.1524	0.1530	0.4627	0.3742	0.3013	0.1531
0.4736	0.1670	0.4785	0.3051	0.4726	0.1594	0.4823	0.3507	0.3595	0.1453	0.4842	0.3392	0.3471	0.3307	0.1534	0.1587	0.4794	0.4693	0.0000	0.3126	0.2963	0.3521	0.1727	0.1528	0.4820	0.1520	0.1510	0.2316	0.3495	0.4758	0.3290	0.3435	0.1609	0.2905	0.1511	0.4707	0.5009	0.4752	0.1434	0.4698	0.4766	0.1585	0.2974	0.3359	0.4766
0.3613	0.3042	0.3759	0.2041	0.3746	0.2849	0.3699	0.2980	0.2817	0.3188	0.3619	0.2853	0.2787	0.3027	0.3133	0.2860	0.3703	0.3823	0.3126	0.0000	0.1983	0.2744	0.2854	0.2815	0.3566	0.3124	0.3081	0.3429	0.2792	0.3528	0.2806	0.2822	0.3056	0.1722	0.2793	0.3590	0.3277	0.3570	0.2790	0.3773	0.3577	0.2944	0.2125	0.2842	0.3585
0.3996	0.2900	0.3752	0.2059	0.4009	0.2829	0.3786	0.3220	0.3122	0.2888	0.3834	0.3174	0.2956	0.3063	0.2921	0.2917	0.3832	0.3828	0.2963	0.1983	0.0000	0.3136	0.2960	0.2862	0.3801	0.2970	0.2846	0.3376	0.3124	0.3788	0.2992	0.2966	0.2856	0.1890	0.2855	0.3881	0.3573	0.3777	0.2776	0.3821	0.3846	0.2871	0.2073	0.3059	0.3935
0.3044	0.3446	0.2959	0.3106	0.2983	0.3528	0.3123	0.1265	0.1115	0.3476	0.2861	0.1346	0.1141	0.1410	0.3602	0.3569	0.2918	0.3222	0.3521	0.2744	0.3136	0.0000	0.3485	0.3576	0.2979	0.3623	0.3451	0.5057	0.1207	0.2923	0.1229	0.1144	0.3438	0.2897	0.3319	0.2977	0.2124	0.2843	0.3526	0.2983	0.2939	0.3544	0.2938	0.1174	0.2857
0.4724	0.1711	0.4706	0.2883	0.4746	0.1386	0.4659	0.3584	0.3647	0.1529	0.4672	0.3526	0.3670	0.3712	0.1650	0.1321	0.4665	0.4882	0.1727	0.2854	0.2960	0.3485	0.0000	0.1276	0.4774	0.1560	0.1471	0.2034	0.3636	0.4658	0.3697	0.3649	0.1495	0.2789	0.1300	0.4686	0.5293	0.4516	0.1279	0.4878	0.4701	0.1352	0.3095	0.3652	0.4694
0.4673	0.1533	0.4828	0.2642	0.4642	0.0960	0.4647	0.3676	0.3739	0.1515	0.4755	0.3501	0.3632	0.3616	0.1290	0.1058	0.4742	0.4782	0.1528	0.2815	0.2862	0.3576	0.1276	0.0000	0.4617	0.1222	0.1327	0.1990	0.3564	0.4588	0.3571	0.3725	0.1307	0.2691	0.1045	0.4593	0.5328	0.4590	0.1009	0.4819	0.4575	0.1094	0.2848	0.3656	0.4623
0.1388	0.4869	0.1827	0.3840	0.1498	0.4633	0.1523	0.3172	0.2983	0.4768	0.1340	0.3045	0.3081	0.3087	0.4764	0.4791	0.1666	0.1626	0.4820	0.3566	0.3801	0.2979	0.4774	0.4617	0.0000	0.4694	0.4730	0.5754	0.2923	0.1309	0.2994	0.2997	0.4778	0.3590	0.4696	0.1417	0.2885	0.1390	0.4508	0.1614	0.1338	0.4550	0.3674	0.3005	0.1339
0.4737	0.1603	0.4776	0.2841	0.4832	0.1309	0.4637	0.3594	0.3746	0.1384	0.4794	0.3576	0.3508	0.3479	0.1391	0.1352	0.4791	0.4612	0.1520	0.3124	0.2970	0.3623	0.1560	0.1222	0.4694	0.0000	0.1324	0.2280	0.3556	0.4631	0.3412	0.3594	0.1386	0.2885	0.1293	0.4689	0.5252	0.4645	0.1336	0.4604	0.4630	0.1406	0.2885	0.3443	0.4708
0.4895	0.1417	0.4616	0.2858	0.4784	0.1365	0.4697	0.3459	0.3496	0.1317	0.4820	0.3610	0.3448	0.3566	0.1427	0.1499	0.4819	0.4753	0.1510	0.3081	0.2846	0.3451	0.1471	0.1327	0.4730	0.1324	0.0000	0.2188	0.3614	0.4726	0.3537	0.3490	0.1316	0.2812	0.1303	0.4762	0.5119	0.4547	0.1386	0.4804	0.4764	0.1440	0.2890	0.3457	0.4734
0.5892	0.2418	0.5925	0.3287	0.5810	0.2065	0.5842	0.5250	0.5190	0.2225	0.5940	0.5111	0.5248	0.5153	0.2276	0.2069	0.5740	0.5853	0.2316	0.3429	0.3376	0.5057	0.2034	0.1990	0.5754	0.2280	0.2188	0.0000	0.5172	0.5807	0.5201	0.5191	0.2282	0.3394	0.2177	0.5818	0.6496	0.5783	0.2109	0.6081	0.5860	0.2153	0.3445	0.5191	0.5834
0.2826	0.3646	0.3132	0.3086	0.2961	0.3500	0.3098	0.1280	0.1207	0.3571	0.2852	0.1240	0.1104	0.1317	0.3546	0.3543	0.3085	0.3072	0.3495	0.2792	0.3124	0.1207	0.3636	0.3564	0.2923	0.3556	0.3614	0.5172	0.0000	0.2665	0.1043	0.1336	0.3623	0.2776	0.3563	0.2969	0.2120	0.2890	0.3481	0.2858	0.2850	0.3564	0.2914	0.1086	0.2824
0.1272	0.4827	0.1842	0.3838	0.1451	0.4552	0.1518	0.3092	0.2903	0.4700	0.1243	0.2864	0.2909	0.3034	0.4675	0.4656	0.1678	0.1577	0.4758	0.3528	0.3788	0.2923	0.4658	0.4588	0.1309	0.4631	0.4726	0.5807	0.2665	0.0000	0.2737	0.2984	0.4719	0.3520	0.4688	0.1482	0.2980	0.1312	0.4523	0.1442	0.1148	0.4514	0.3552	0.2942	0.1199
0.2938	0.3439	0.3110	0.2888	0.2956	0.3539	0.3048	0.1156	0.1330	0.3421	0.2914	0.1256	0.1005	0.1061	0.3302	0.3582	0.3133	0.2952	0.3290	0.2806	0.2992	0.1229	0.3697	0.3571	0.2994	0.3412	0.3537	0.5201	0.1043	0.2737	0.0000	0.1169	0.3441	0.2659	0.3504	0.2978	0.2166	0.2982	0.3543	0.2681	0.2878	0.3547	0.2843	0.0989	0.2903
0.3105	0.3405	0.2958	0.3039	0.2936	0.3744	0.2992	0.1236	0.1229	0.3420	0.2894	0.1434	0.1121	0.1273	0.3571	0.3680	0.2977	0.3056	0.3435	0.2822	0.2966	0.1144	0.3649	0.3725	0.2997	0.3594	0.3490	0.5191	0.1336	0.2984	0.1169	0.0000	0.3474	0.2690	0.3493	0.3028	0.2025	0.2841	0.3612	0.2848	0.3025	0.3601	0.2868	0.1124	0.3008
0.4815	0.1620	0.4531	0.2752	0.4745	0.1405	0.4609	0.3379	0.3466	0.1388	0.4791	0.3524	0.3426	0.3482	0.1397	0.1397	0.4797	0.4755	0.1609	0.3056	0.2856	0.3438	0.1495	0.1307	0.4778	0.1386	0.1316	0.2282	0.3623	0.4719	0.3441	0.3474	0.0000	0.2786	0.1332	0.4739	0.5072	0.4579	0.1392	0.4787	0.4699	0.1405	0.2922	0.3375	0.4720
0.3675	0.2910	0.3717	0.1658	0.3804	0.2780	0.3591	0.2916	0.3036	0.2761	0.3694	0.3075	0.2648	0.2870	0.2780	0.2785	0.3704	0.3663	0.2905	0.1722	0.1890	0.2897	0.2789	0.2691	0.3590	0.2885	0.2812	0.3394	0.2776	0.3520	0.2659	0.2690	0.2786	0.0000	0.2754	0.3676	0.3351	0.3602	0.2765	0.3560	0.3615	0.2820	0.1740	0.2845	0.3617
0.4703	0.1345	0.4725	0.2720	0.4723	0.1099	0.4718	0.3445	0.3497	0.1449	0.4695	0.3501	0.3476	0.3531	0.1446	0.1163	0.4591	0.4846	0.1511	0.2793	0.2855	0.3319	0.1300	0.1045	0.4696	0.1293	0.1303	0.2177	0.3563	0.4688	0.3504	0.3493	0.1332	0.2754	0.0000	0.4651	0.5208	0.4482	0.1134	0.4814	0.4666	0.1207	0.2871	0.3487	0.4596
0.1429	0.4784	0.1915	0.3897	0.1529	0.4595	0.1512	0.3207	0.3022	0.4723	0.1362	0.2955	0.3084	0.3072	0.4800	0.4656	0.1714	0.1695	0.4707	0.3590	0.3881	0.2977	0.4686	0.4593	0.1417	0.4689	0.4762	0.5818	0.2969	0.1482	0.2978	0.3028	0.4739	0.3676	0.4651	0.0000	0.2942	0.1444	0.4538	0.1581	0.1317	0.4522	0.3652	0.2979	0.1429
0.3038	0.5058	0.2725	0.3591	0.2925	0.5300	0.2982	0.2127	0.2128	0.5118	0.2914	0.2087	0.2053	0.2266	0.5175	0.5289	0.2956	0.3022	0.5009	0.3277	0.3573	0.2124	0.5293	0.5328	0.2885	0.5252	0.5119	0.6496	0.2120	0.2980	0.2166	0.2025	0.5072	0.3351	0.5208	0.2942	0.0000	0.3037	0.5232	0.2729	0.3000	0.5223	0.3393	0.2196	0.2991
0.1362	0.4675	0.1646	0.3840	0.1542	0.4513	0.1410	0.3103	0.2863	0.4594	0.1211	0.3023	0.2916	0.3110	0.4750	0.4612	0.1458	0.1736	0.4752	0.3570	0.3777	0.2843	0.4516	0.4590	0.1390	0.4645	0.4547	0.5783	0.2890	0.1312	0.2982	0.2841	0.4579	0.3602	0.4482	0.1444	0.3037	0.0000	0.4527	0.1525	0.1214	0.4557	0.3549	0.2946	0.1327
0.4590	0.1507	0.4712	0.2726	0.4552	0.1148	0.4644	0.3606	0.3550	0.1404	0.4742	0.3436	0.3712	0.3473	0.1391	0.1061	0.4562	0.4548	0.1434	0.2790	0.2776	0.3526	0.1279	0.1009	0.4508	0.1336	0.1386	0.2109	0.3481	0.4523	0.3543	0.3612	0.1392	0.2765	0.1134	0.4538	0.5232	0.4527	0.0000	0.4688	0.4510	0.1014	0.2854	0.3475	0.4489
0.1540	0.4855	0.1820	0.3857	0.1650	0.4776	0.1638	0.2945	0.3079	0.4774	0.1401	0.2923	0.2832	0.2834	0.4688	0.4839	0.1737	0.1524	0.4698	0.3773	0.3821	0.2983	0.4878	0.4819	0.1614	0.4604	0.4804	0.6081	0.2858	0.1442	0.2681	0.2848	0.4787	0.3560	0.4814	0.1581	0.2729	0.1525	0.4688	0.0000	0.1413	0.4667	0.3607	0.2840	0.1448
0.1199	0.4878	0.1795	0.3854	0.1425	0.4582	0.1413	0.3161	0.2996	0.4753	0.1190	0.2955	0.3014	0.3007	0.4711	0.4644	0.1543	0.1530	0.4766	0.3577	0.3846	0.2939	0.4701	0.4575	0.1338	0.4630	0.4764	0.5860	0.2850	0.1148	0.2878	0.3025	0.4699	0.3615	0.4666	0.1317	0.3000	0.1214	0.4510	0.1413	0.0000	0.4564	0.3602	0.2914	0.1235
0.4645	0.1554	0.4726	0.2871	0.4612	0.1175	0.4689	0.3621	0.3599	0.1515	0.4741	0.3487	0.3685	0.3539	0.1394	0.1263	0.4619	0.4627	0.1585	0.2944	0.2871	0.3544	0.1352	0.1094	0.4550	0.1406	0.1440	0.2153	0.3564	0.4514	0.3547	0.3601	0.1405	0.2820	0.1207	0.4522	0.5223	0.4557	0.1014	0.4667	0.4564	0.0000	0.2947	0.3525	0.4430
0.3658	0.2905	0.3730	0.2037	0.3803	0.2855	0.3574	0.3074	0.2976	0.2916	0.3608	0.3084	0.2876	0.2930	0.2886	0.3018	0.3715	0.3742	0.2974	0.2125	0.2073	0.2938	0.3095	0.2848	0.3674	0.2885	0.2890	0.3445	0.2914	0.3552	0.2843	0.2868	0.2922	0.1740	0.2871	0.3652	0.3393	0.3549	0.2854	0.3607	0.3602	0.2947	0.0000	0.2845	0.3666
0.3002	0.3426	0.3091	0.3091	0.3052	0.3539	0.3071	0.1232	0.1261	0.3330	0.2981	0.1390	0.1146	0.1152	0.3501	0.3585	0.3094	0.3013	0.3359	0.2842	0.3059	0.1174	0.3652	0.3656	0.3005	0.3443	0.3457	0.5191	0.1086	0.2942	0.0989	0.1124	0.3375	0.2845	0.3487	0.2979	0.2196	0.2946	0.3475	0.2840	0.2914	0.3525	0.2845	0.0000	0.2947
0.1342	0.4823	0.1717	0.3815	0.1392	0.4591	0.1570	0.3198	0.2981	0.4724	0.1314	0.2956	0.3029	0.3086	0.4750	0.4686	0.1603	0.1531	0.4766	0.3585	0.3935	0.2857	0.4694	0.4623	0.1339	0.4708	0.4734	0.5834	0.2824	0.1199	0.2903	0.3008	0.4720	0.3617	0.4596	0.1429	0.2991	0.1327	0.4489	0.1448	0.1235	0.4430	0.3666	0.2947	0.0000
