Sim1	Sim2	Sim3	Sim4	Sim5	Sim6	Sim7	Sim8	Sim9	Sim10	Sim11	Sim12	Sim13	Sim14	Sim15	Sim16	Sim17	Sim18	Sim19	Sim20	Sim21	Sim22	Sim23	Sim24	Sim25	Sim26	Sim27	Sim28	Sim29	Sim30	Sim31	Sim32	Sim33	Sim34	Sim35	Sim36	Sim37	Sim38	Sim39	Sim40	Sim41	Sim42	Sim43	Sim44	Sim45	Sim46	Sim47	Sim48	Sim49	Sim50	Sim51	Sim52	Sim53	Sim54	Sim55	Sim56	Sim57	Sim58	Sim59	Sim60
0.0000	0.4295	0.4431	0.2131	0.3765	0.2193	0.4311	0.4280	0.2179	0.2572	0.2692	0.4337	0.4375	0.1939	0.2719	0.2515	0.4345	0.2457	0.4247	0.4591	0.4497	0.4544	0.2283	0.2304	0.4273	0.4471	0.3933	0.3958	0.2503	0.4256	0.4478	0.2029	0.4470	0.4291	0.4549	0.6086	0.4048	0.2470	0.1771	0.4372	0.2577	0.2527	0.4606	0.3741	0.4028	0.4376	0.4194	0.2143	0.2417	0.2054	0.4218	0.4493	0.4138	0.2112	0.1886	0.4306	0.3746	0.4248	0.2435	0.1962
0.4295	0.0000	0.3684	0.4600	0.2302	0.4751	0.0877	0.3772	0.4729	0.3006	0.2868	0.1192	0.3693	0.4626	0.2978	0.2826	0.3537	0.2764	0.3607	0.1354	0.1221	0.3479	0.4824	0.4898	0.1241	0.3632	0.2250	0.2364	0.2838	0.1049	0.1214	0.4620	0.1097	0.3640	0.1165	0.2109	0.3524	0.2950	0.4514	0.3710	0.2943	0.2805	0.1374	0.2041	0.3393	0.1008	0.3403	0.4666	0.3818	0.4622	0.3626	0.1110	0.3664	0.4747	0.4573	0.1179	0.2127	0.3601	0.2931	0.4669
0.4431	0.3684	0.0000	0.3784	0.3865	0.3845	0.3436	0.1895	0.3624	0.5124	0.4972	0.3701	0.1832	0.3651	0.5006	0.4910	0.1619	0.5010	0.1632	0.3637	0.3513	0.1734	0.3625	0.3734	0.3575	0.1681	0.3773	0.3787	0.5141	0.3659	0.3461	0.3769	0.3501	0.1708	0.3419	0.3444	0.1588	0.5043	0.3638	0.1642	0.4945	0.5006	0.3555	0.3831	0.1802	0.3504	0.1672	0.3735	0.5679	0.3639	0.1584	0.3445	0.1498	0.3516	0.3648	0.3591	0.3680	0.1515	0.5098	0.3758
0.2131	0.4600	0.3784	0.0000	0.4194	0.1998	0.4445	0.3800	0.1988	0.3446	0.3404	0.4495	0.3688	0.1707	0.3334	0.3358	0.3737	0.3266	0.3639	0.4653	0.4451	0.3875	0.2111	0.2174	0.4319	0.3982	0.4128	0.4184	0.3205	0.4455	0.4563	0.1504	0.4538	0.3755	0.4713	0.6006	0.3568	0.3329	0.1689	0.3780	0.3301	0.3358	0.4588	0.4052	0.3618	0.4429	0.3697	0.2041	0.3222	0.1822	0.3802	0.4667	0.3658	0.1931	0.1812	0.4418	0.3890	0.3730	0.3375	0.1719
0.3765	0.2302	0.3865	0.4194	0.0000	0.4133	0.2078	0.4074	0.3922	0.2574	0.2484	0.2283	0.4084	0.3969	0.2442	0.2324	0.3996	0.2414	0.4065	0.2363	0.2296	0.3840	0.4046	0.4041	0.2258	0.3877	0.1786	0.1637	0.2639	0.2334	0.2162	0.4036	0.2289	0.3979	0.1951	0.2904	0.3832	0.2538	0.3936	0.4106	0.2409	0.2319	0.2172	0.1557	0.3851	0.2176	0.3789	0.3805	0.2770	0.4036	0.3669	0.2111	0.3813	0.3959	0.3964	0.2338	0.1650	0.3800	0.2402	0.4022
0.2193	0.4751	0.3845	0.1998	0.4133	0.0000	0.4609	0.3944	0.1652	0.3438	0.3430	0.4860	0.3857	0.1529	0.3410	0.3347	0.3666	0.3292	0.3702	0.4880	0.4837	0.3912	0.1995	0.1911	0.4431	0.3958	0.4140	0.4118	0.3389	0.4802	0.4782	0.1666	0.4700	0.3678	0.4803	0.6180	0.3638	0.3457	0.1511	0.3817	0.3299	0.3394	0.4925	0.3965	0.3567	0.4585	0.3880	0.1824	0.3183	0.1524	0.3833	0.4603	0.3882	0.1658	0.1625	0.4719	0.3915	0.3686	0.3501	0.1548
0.4311	0.0877	0.3436	0.4445	0.2078	0.4609	0.0000	0.3582	0.4557	0.3094	0.2848	0.0978	0.3532	0.4540	0.3084	0.2821	0.3344	0.2689	0.3427	0.1173	0.1001	0.3308	0.4710	0.4820	0.1063	0.3432	0.2095	0.2072	0.2897	0.0892	0.0909	0.4531	0.0882	0.3481	0.0963	0.2107	0.3341	0.3052	0.4411	0.3472	0.2985	0.2871	0.1175	0.1871	0.3264	0.0790	0.3176	0.4566	0.3772	0.4512	0.3470	0.0964	0.3489	0.4680	0.4476	0.1014	0.1900	0.3416	0.2984	0.4580
0.4280	0.3772	0.1895	0.3800	0.4074	0.3944	0.3582	0.0000	0.3868	0.5338	0.5291	0.3675	0.1911	0.3744	0.5367	0.5110	0.1798	0.5150	0.1718	0.3907	0.3782	0.2035	0.3895	0.4021	0.3795	0.2018	0.4116	0.4145	0.5219	0.3747	0.3676	0.3840	0.3659	0.1820	0.3729	0.3517	0.1546	0.5287	0.3576	0.1781	0.5283	0.5200	0.3885	0.3960	0.1815	0.3798	0.1765	0.3939	0.5890	0.3779	0.1681	0.3872	0.1713	0.3678	0.3662	0.3654	0.3782	0.1645	0.5249	0.3741
0.2179	0.4729	0.3624	0.1988	0.3922	0.1652	0.4557	0.3868	0.0000	0.3292	0.3265	0.4834	0.3958	0.1357	0.3124	0.3138	0.3660	0.3315	0.3725	0.4664	0.4538	0.3800	0.1680	0.1589	0.4506	0.3722	0.3858	0.3806	0.3343	0.4784	0.4558	0.1611	0.4653	0.3644	0.4595	0.6033	0.3710	0.3192	0.1472	0.3649	0.3077	0.3099	0.4594	0.3784	0.3710	0.4493	0.3767	0.1453	0.3047	0.1539	0.3618	0.4431	0.3566	0.1455	0.1476	0.4687	0.3832	0.3611	0.3309	0.1478
0.2572	0.3006	0.5124	0.3446	0.2574	0.3438	0.3094	0.5338	0.3292	0.0000	0.0900	0.3027	0.4940	0.3320	0.0827	0.0843	0.5063	0.1160	0.5072	0.2980	0.2974	0.4953	0.3578	0.3394	0.2956	0.5157	0.2508	0.2564	0.0925	0.2962	0.2932	0.3213	0.3127	0.5262	0.3039	0.4703	0.5055	0.0794	0.3330	0.5272	0.0832	0.0865	0.2909	0.2470	0.5104	0.2973	0.5081	0.3286	0.1406	0.3410	0.5022	0.2834	0.4948	0.3396	0.3497	0.2892	0.2704	0.5089	0.0759	0.3348
0.2692	0.2868	0.4972	0.3404	0.2484	0.3430	0.2848	0.5291	0.3265	0.0900	0.0000	0.2976	0.4978	0.3295	0.0752	0.0862	0.4901	0.0943	0.5028	0.2948	0.2906	0.4854	0.3437	0.3415	0.2784	0.5019	0.2367	0.2449	0.0887	0.2926	0.2899	0.3296	0.2888	0.5124	0.2898	0.4589	0.5070	0.0964	0.3437	0.5080	0.0655	0.0769	0.2933	0.2413	0.5031	0.2835	0.5028	0.3234	0.1328	0.3317	0.5083	0.2736	0.4994	0.3316	0.3422	0.2955	0.2505	0.4939	0.0909	0.3400
0.4337	0.1192	0.3701	0.4495	0.2283	0.4860	0.0978	0.3675	0.4834	0.3027	0.2976	0.0000	0.3613	0.4687	0.3220	0.2923	0.3585	0.2895	0.3543	0.1424	0.1277	0.3539	0.4930	0.4978	0.1448	0.3698	0.2439	0.2399	0.2836	0.1132	0.1128	0.4636	0.1145	0.3644	0.1254	0.2083	0.3449	0.2999	0.4454	0.3742	0.3139	0.3025	0.1315	0.2205	0.3439	0.1179	0.3276	0.4743	0.3948	0.4746	0.3549	0.1374	0.3551	0.4838	0.4630	0.1102	0.2096	0.3612	0.2997	0.4669
0.4375	0.3693	0.1832	0.3688	0.4084	0.3857	0.3532	0.1911	0.3958	0.4940	0.4978	0.3613	0.0000	0.3651	0.5076	0.5015	0.1800	0.5051	0.1811	0.3747	0.3576	0.2056	0.3953	0.4073	0.3615	0.2200	0.3993	0.4075	0.4875	0.3575	0.3588	0.3689	0.3527	0.1867	0.3657	0.3523	0.1632	0.5006	0.3666	0.1907	0.4982	0.5055	0.3641	0.3979	0.1884	0.3637	0.1796	0.3947	0.5800	0.3743	0.1820	0.3691	0.1694	0.3741	0.3713	0.3445	0.3663	0.1848	0.5028	0.3583
0.1939	0.4626	0.3651	0.1707	0.3969	0.1529	0.4540	0.3744	0.1357	0.3320	0.3295	0.4687	0.3651	0.0000	0.3231	0.3237	0.3521	0.3262	0.3546	0.4671	0.4554	0.3686	0.1783	0.1605	0.4426	0.3832	0.3951	0.3879	0.3167	0.4630	0.4624	0.1357	0.4526	0.3539	0.4801	0.6153	0.3508	0.3255	0.1251	0.3510	0.3131	0.3265	0.4598	0.3925	0.3562	0.4413	0.3649	0.1549	0.3204	0.1285	0.3646	0.4573	0.3613	0.1363	0.1326	0.4535	0.3773	0.3579	0.3372	0.1266
0.2719	0.2978	0.5006	0.3334	0.2442	0.3410	0.3084	0.5367	0.3124	0.0827	0.0752	0.3220	0.5076	0.3231	0.0000	0.0736	0.4931	0.1025	0.5158	0.2965	0.3000	0.4809	0.3304	0.3219	0.2882	0.4946	0.2358	0.2394	0.0945	0.3099	0.2937	0.3191	0.3131	0.5150	0.2948	0.4673	0.5150	0.0867	0.3405	0.5178	0.0670	0.0705	0.2872	0.2382	0.5031	0.2970	0.5125	0.3189	0.1315	0.3274	0.5015	0.2743	0.5034	0.3238	0.3471	0.3104	0.2595	0.5012	0.0755	0.3349
0.2515	0.2826	0.4910	0.3358	0.2324	0.3347	0.2821	0.5110	0.3138	0.0843	0.0862	0.2923	0.5015	0.3237	0.0736	0.0000	0.4930	0.0751	0.4997	0.2958	0.3015	0.4742	0.3274	0.3232	0.2876	0.4840	0.2459	0.2455	0.0912	0.2914	0.2914	0.3256	0.3060	0.5006	0.2801	0.4530	0.4853	0.0820	0.3175	0.5119	0.0676	0.0521	0.2925	0.2211	0.4799	0.2887	0.4891	0.3073	0.1310	0.3327	0.4838	0.2736	0.4871	0.3341	0.3249	0.2963	0.2529	0.4857	0.0636	0.3378
0.4345	0.3537	0.1619	0.3737	0.3996	0.3666	0.3344	0.1798	0.3660	0.5063	0.4901	0.3585	0.1800	0.3521	0.4931	0.4930	0.0000	0.4968	0.1633	0.3615	0.3484	0.1734	0.3791	0.3866	0.3334	0.1873	0.3680	0.3727	0.4907	0.3616	0.3487	0.3696	0.3267	0.1545	0.3529	0.3432	0.1570	0.5058	0.3616	0.1625	0.4888	0.5042	0.3614	0.3832	0.1664	0.3338	0.1613	0.3879	0.5713	0.3431	0.1714	0.3483	0.1653	0.3579	0.3559	0.3473	0.3470	0.1590	0.5118	0.3561
0.2457	0.2764	0.5010	0.3266	0.2414	0.3292	0.2689	0.5150	0.3315	0.1160	0.0943	0.2895	0.5051	0.3262	0.1025	0.0751	0.4968	0.0000	0.5041	0.3097	0.3077	0.4899	0.3407	0.3435	0.2762	0.5131	0.2671	0.2661	0.0923	0.2866	0.3079	0.3157	0.2979	0.4971	0.3029	0.4699	0.4897	0.0996	0.3129	0.5003	0.0884	0.0732	0.3165	0.2406	0.4800	0.2870	0.4867	0.3276	0.1147	0.3221	0.5082	0.2991	0.5056	0.3455	0.3174	0.2940	0.2434	0.5025	0.0890	0.3314
0.4247	0.3607	0.1632	0.3639	0.4065	0.3702	0.3427	0.1718	0.3725	0.5072	0.5028	0.3543	0.1811	0.3546	0.5158	0.4997	0.1633	0.5041	0.0000	0.3590	0.3481	0.1660	0.3852	0.3901	0.3486	0.1919	0.3844	0.3823	0.4917	0.3501	0.3405	0.3629	0.3302	0.1573	0.3564	0.3516	0.1389	0.5051	0.3467	0.1528	0.5042	0.5142	0.3563	0.3914	0.1639	0.3355	0.1614	0.3923	0.5826	0.3528	0.1521	0.3523	0.1568	0.3596	0.3595	0.3428	0.3548	0.1609	0.5132	0.3564
0.4591	0.1354	0.3637	0.4653	0.2363	0.4880	0.1173	0.3907	0.4664	0.2980	0.2948	0.1424	0.3747	0.4671	0.2965	0.2958	0.3615	0.3097	0.3590	0.0000	0.1080	0.3441	0.4940	0.4814	0.1368	0.3722	0.2080	0.2239	0.2938	0.1404	0.0988	0.4697	0.1240	0.3741	0.1200	0.2191	0.3678	0.2996	0.4727	0.3718	0.3049	0.2983	0.1128	0.2204	0.3672	0.1121	0.3538	0.4804	0.4011	0.4736	0.3635	0.1133	0.3655	0.4812	0.4886	0.1171	0.2261	0.3803	0.2975	0.4678
0.4497	0.1221	0.3513	0.4451	0.2296	0.4837	0.1001	0.3782	0.4538	0.2974	0.2906	0.1277	0.3576	0.4554	0.3000	0.3015	0.3484	0.3077	0.3481	0.1080	0.0000	0.3384	0.4829	0.4675	0.1266	0.3508	0.1987	0.2150	0.2872	0.1240	0.0885	0.4517	0.1106	0.3574	0.1118	0.2187	0.3495	0.2910	0.4602	0.3498	0.2995	0.3030	0.1004	0.2215	0.3557	0.0983	0.3417	0.4723	0.3946	0.4650	0.3443	0.0975	0.3409	0.4658	0.4814	0.1067	0.2085	0.3594	0.2955	0.4564
0.4544	0.3479	0.1734	0.3875	0.3840	0.3912	0.3308	0.2035	0.3800	0.4953	0.4854	0.3539	0.2056	0.3686	0.4809	0.4742	0.1734	0.4899	0.1660	0.3441	0.3384	0.0000	0.3949	0.3885	0.3313	0.1873	0.3623	0.3601	0.4861	0.3526	0.3322	0.3835	0.3201	0.1796	0.3348	0.3240	0.1744	0.4918	0.3798	0.1709	0.4816	0.4903	0.3338	0.3725	0.1877	0.3284	0.1859	0.4020	0.5749	0.3715	0.1751	0.3288	0.1720	0.3731	0.3875	0.3334	0.3465	0.1744	0.4961	0.3788
0.2283	0.4824	0.3625	0.2111	0.4046	0.1995	0.4710	0.3895	0.1680	0.3578	0.3437	0.4930	0.3953	0.1783	0.3304	0.3274	0.3791	0.3407	0.3852	0.4940	0.4829	0.3949	0.0000	0.1796	0.4838	0.3653	0.4207	0.4044	0.3750	0.4912	0.4724	0.1941	0.4920	0.3851	0.4653	0.5940	0.3653	0.3424	0.1666	0.3813	0.3356	0.3308	0.4760	0.4059	0.3643	0.4856	0.3842	0.1656	0.3138	0.1724	0.3554	0.4601	0.3535	0.1747	0.1610	0.4957	0.4166	0.3499	0.3308	0.1885
0.2304	0.4898	0.3734	0.2174	0.4041	0.1911	0.4820	0.4021	0.1589	0.3394	0.3415	0.4978	0.4073	0.1605	0.3219	0.3232	0.3866	0.3435	0.3901	0.4814	0.4675	0.3885	0.1796	0.0000	0.4679	0.3733	0.3999	0.3949	0.3553	0.4975	0.4684	0.1902	0.4830	0.3861	0.4727	0.6110	0.3840	0.3249	0.1707	0.3873	0.3222	0.3228	0.4688	0.4048	0.3775	0.4774	0.3961	0.1693	0.3144	0.1689	0.3717	0.4608	0.3625	0.1685	0.1703	0.4909	0.4034	0.3744	0.3279	0.1745
0.4273	0.1241	0.3575	0.4319	0.2258	0.4431	0.1063	0.3795	0.4506	0.2956	0.2784	0.1448	0.3615	0.4426	0.2882	0.2876	0.3334	0.2762	0.3486	0.1368	0.1266	0.3313	0.4838	0.4679	0.0000	0.3651	0.2134	0.2187	0.2691	0.1333	0.1142	0.4397	0.1102	0.3478	0.1297	0.2375	0.3578	0.2994	0.4458	0.3548	0.2857	0.2942	0.1395	0.2202	0.3483	0.1017	0.3491	0.4562	0.3794	0.4281	0.3752	0.1178	0.3767	0.4576	0.4541	0.1222	0.1932	0.3707	0.3023	0.4468
0.4471	0.3632	0.1681	0.3982	0.3877	0.3958	0.3432	0.2018	0.3722	0.5157	0.5019	0.3698	0.2200	0.3832	0.4946	0.4840	0.1873	0.5131	0.1919	0.3722	0.3508	0.1873	0.3653	0.3733	0.3651	0.0000	0.3896	0.3859	0.5252	0.3637	0.3423	0.3999	0.3512	0.1909	0.3286	0.3264	0.1682	0.5083	0.3719	0.1949	0.5030	0.4886	0.3539	0.3759	0.1801	0.3642	0.1813	0.3773	0.5682	0.3822	0.1598	0.3397	0.1414	0.3635	0.3672	0.3780	0.3868	0.1561	0.4972	0.3913
0.3933	0.2250	0.3773	0.4128	0.1786	0.4140	0.2095	0.4116	0.3858	0.2508	0.2367	0.2439	0.3993	0.3951	0.2358	0.2459	0.3680	0.2671	0.3844	0.2080	0.1987	0.3623	0.4207	0.3999	0.2134	0.3896	0.0000	0.1545	0.2614	0.2344	0.1969	0.3993	0.2090	0.3878	0.2024	0.2904	0.3969	0.2517	0.4087	0.3864	0.2352	0.2453	0.2003	0.1645	0.3930	0.2001	0.3876	0.3951	0.2979	0.3874	0.3851	0.1951	0.3808	0.4033	0.4122	0.2223	0.1656	0.3748	0.2517	0.3993
0.3958	0.2364	0.3787	0.4184	0.1637	0.4118	0.2072	0.4145	0.3806	0.2564	0.2449	0.2399	0.4075	0.3879	0.2394	0.2455	0.3727	0.2661	0.3823	0.2239	0.2150	0.3601	0.4044	0.3949	0.2187	0.3859	0.1545	0.0000	0.2674	0.2359	0.1965	0.3907	0.2192	0.3952	0.2004	0.2997	0.3896	0.2637	0.4050	0.3872	0.2399	0.2450	0.2041	0.1534	0.3863	0.2090	0.3807	0.3869	0.2881	0.3940	0.3783	0.2042	0.3802	0.3926	0.4039	0.2320	0.1564	0.3767	0.2506	0.4038
0.2503	0.2838	0.5141	0.3205	0.2639	0.3389	0.2897	0.5219	0.3343	0.0925	0.0887	0.2836	0.4875	0.3167	0.0945	0.0912	0.4907	0.0923	0.4917	0.2938	0.2872	0.4861	0.3750	0.3553	0.2691	0.5252	0.2614	0.2674	0.0000	0.2804	0.2998	0.3115	0.2901	0.4985	0.3151	0.4800	0.4924	0.0909	0.3214	0.5077	0.0820	0.0935	0.2972	0.2572	0.4972	0.2761	0.4914	0.3439	0.1530	0.3302	0.5147	0.2932	0.5128	0.3438	0.3425	0.2761	0.2494	0.5109	0.0916	0.3178
0.4256	0.1049	0.3659	0.4455	0.2334	0.4802	0.0892	0.3747	0.4784	0.2962	0.2926	0.1132	0.3575	0.4630	0.3099	0.2914	0.3616	0.2866	0.3501	0.1404	0.1240	0.3526	0.4912	0.4975	0.1333	0.3637	0.2344	0.2359	0.2804	0.0000	0.1162	0.4510	0.1072	0.3682	0.1169	0.2150	0.3412	0.2937	0.4428	0.3692	0.3067	0.2966	0.1273	0.2125	0.3406	0.1021	0.3279	0.4700	0.3907	0.4700	0.3574	0.1257	0.3573	0.4792	0.4644	0.1091	0.2168	0.3645	0.2922	0.4622
0.4478	0.1214	0.3461	0.4563	0.2162	0.4782	0.0909	0.3676	0.4558	0.2932	0.2899	0.1128	0.3588	0.4624	0.2937	0.2914	0.3487	0.3079	0.3405	0.0988	0.0885	0.3322	0.4724	0.4684	0.1142	0.3423	0.1969	0.1965	0.2998	0.1162	0.0000	0.4546	0.1039	0.3612	0.0848	0.2066	0.3465	0.2972	0.4591	0.3641	0.3004	0.2975	0.0930	0.1983	0.3539	0.0979	0.3406	0.4638	0.3966	0.4618	0.3347	0.0879	0.3334	0.4631	0.4736	0.1017	0.2020	0.3490	0.2898	0.4672
0.2029	0.4620	0.3769	0.1504	0.4036	0.1666	0.4531	0.3840	0.1611	0.3213	0.3296	0.4636	0.3689	0.1357	0.3191	0.3256	0.3696	0.3157	0.3629	0.4697	0.4517	0.3835	0.1941	0.1902	0.4397	0.3999	0.3993	0.3907	0.3115	0.4510	0.4546	0.0000	0.4561	0.3814	0.4734	0.6153	0.3617	0.3161	0.1363	0.3805	0.3097	0.3233	0.4585	0.3841	0.3714	0.4440	0.3749	0.1712	0.3122	0.1441	0.3776	0.4600	0.3681	0.1691	0.1487	0.4477	0.3682	0.3794	0.3238	0.1349
0.4470	0.1097	0.3501	0.4538	0.2289	0.4700	0.0882	0.3659	0.4653	0.3127	0.2888	0.1145	0.3527	0.4526	0.3131	0.3060	0.3267	0.2979	0.3302	0.1240	0.1106	0.3201	0.4920	0.4830	0.1102	0.3512	0.2090	0.2192	0.2901	0.1072	0.1039	0.4561	0.0000	0.3340	0.1167	0.2132	0.3428	0.3226	0.4587	0.3362	0.3070	0.3109	0.1255	0.2069	0.3347	0.0848	0.3272	0.4735	0.4056	0.4509	0.3592	0.1131	0.3596	0.4646	0.4617	0.1074	0.1899	0.3476	0.3251	0.4593
0.4291	0.3640	0.1708	0.3755	0.3979	0.3678	0.3481	0.1820	0.3644	0.5262	0.5124	0.3644	0.1867	0.3539	0.5150	0.5006	0.1545	0.4971	0.1573	0.3741	0.3574	0.1796	0.3851	0.3861	0.3478	0.1909	0.3878	0.3952	0.4985	0.3682	0.3612	0.3814	0.3340	0.0000	0.3612	0.3465	0.1479	0.5179	0.3548	0.1541	0.5054	0.5088	0.3758	0.3948	0.1673	0.3475	0.1641	0.3840	0.5826	0.3488	0.1668	0.3629	0.1607	0.3543	0.3522	0.3572	0.3534	0.1527	0.5164	0.3544
0.4549	0.1165	0.3419	0.4713	0.1951	0.4803	0.0963	0.3729	0.4595	0.3039	0.2898	0.1254	0.3657	0.4801	0.2948	0.2801	0.3529	0.3029	0.3564	0.1200	0.1118	0.3348	0.4653	0.4727	0.1297	0.3286	0.2024	0.2004	0.3151	0.1169	0.0848	0.4734	0.1167	0.3612	0.0000	0.1838	0.3495	0.3014	0.4642	0.3723	0.3040	0.2842	0.1054	0.1901	0.3451	0.1081	0.3394	0.4560	0.3882	0.4741	0.3307	0.0920	0.3330	0.4704	0.4713	0.1183	0.2082	0.3410	0.2917	0.4805
0.6086	0.2109	0.3444	0.6006	0.2904	0.6180	0.2107	0.3517	0.6033	0.4703	0.4589	0.2083	0.3523	0.6153	0.4673	0.4530	0.3432	0.4699	0.3516	0.2191	0.2187	0.3240	0.5940	0.6110	0.2375	0.3264	0.2904	0.2997	0.4800	0.2150	0.2066	0.6153	0.2132	0.3465	0.1838	0.0000	0.3505	0.4679	0.6062	0.3531	0.4709	0.4552	0.2037	0.2928	0.3352	0.2194	0.3256	0.5975	0.5483	0.6112	0.3256	0.2091	0.3285	0.6010	0.6063	0.2203	0.3026	0.3397	0.4598	0.6174
0.4048	0.3524	0.1588	0.3568	0.3832	0.3638	0.3341	0.1546	0.3710	0.5055	0.5070	0.3449	0.1632	0.3508	0.5150	0.4853	0.1570	0.4897	0.1389	0.3678	0.3495	0.1744	0.3653	0.3840	0.3578	0.1682	0.3969	0.3896	0.4924	0.3412	0.3465	0.3617	0.3428	0.1479	0.3495	0.3505	0.0000	0.4949	0.3253	0.1529	0.5033	0.4979	0.3570	0.3706	0.1470	0.3474	0.1276	0.3710	0.5763	0.3509	0.1274	0.3607	0.1249	0.3583	0.3433	0.3350	0.3561	0.1289	0.4914	0.3483
0.2470	0.2950	0.5043	0.3329	0.2538	0.3457	0.3052	0.5287	0.3192	0.0794	0.0964	0.2999	0.5006	0.3255	0.0867	0.0820	0.5058	0.0996	0.5051	0.2996	0.2910	0.4918	0.3424	0.3249	0.2994	0.5083	0.2517	0.2637	0.0909	0.2937	0.2972	0.3161	0.3226	0.5179	0.3014	0.4679	0.4949	0.0000	0.3224	0.5182	0.0789	0.0779	0.2946	0.2467	0.5018	0.3032	0.4970	0.3246	0.1347	0.3364	0.5000	0.2896	0.4806	0.3368	0.3416	0.2968	0.2604	0.5069	0.0618	0.3233
0.1771	0.4514	0.3638	0.1689	0.3936	0.1511	0.4411	0.3576	0.1472	0.3330	0.3437	0.4454	0.3666	0.1251	0.3405	0.3175	0.3616	0.3129	0.3467	0.4727	0.4602	0.3798	0.1666	0.1707	0.4458	0.3719	0.4087	0.4050	0.3214	0.4428	0.4591	0.1363	0.4587	0.3548	0.4642	0.6062	0.3253	0.3224	0.0000	0.3608	0.3247	0.3233	0.4668	0.3833	0.3415	0.4541	0.3446	0.1376	0.3121	0.1313	0.3476	0.4624	0.3436	0.1529	0.1228	0.4441	0.3835	0.3425	0.3199	0.1193
0.4372	0.3710	0.1642	0.3780	0.4106	0.3817	0.3472	0.1781	0.3649	0.5272	0.5080	0.3742	0.1907	0.3510	0.5178	0.5119	0.1625	0.5003	0.1528	0.3718	0.3498	0.1709	0.3813	0.3873	0.3548	0.1949	0.3864	0.3872	0.5077	0.3692	0.3641	0.3805	0.3362	0.1541	0.3723	0.3531	0.1529	0.5182	0.3608	0.0000	0.5096	0.5167	0.3710	0.3993	0.1686	0.3480	0.1627	0.3768	0.5884	0.3540	0.1671	0.3656	0.1657	0.3570	0.3615	0.3620	0.3592	0.1592	0.5260	0.3667
0.2577	0.2943	0.4945	0.3301	0.2409	0.3299	0.2985	0.5283	0.3077	0.0832	0.0655	0.3139	0.4982	0.3131	0.0670	0.0676	0.4888	0.0884	0.5042	0.3049	0.2995	0.4816	0.3356	0.3222	0.2857	0.5030	0.2352	0.2399	0.0820	0.3067	0.3004	0.3097	0.3070	0.5054	0.3040	0.4709	0.5033	0.0789	0.3247	0.5096	0.0000	0.0645	0.2999	0.2283	0.4964	0.2920	0.5042	0.3099	0.1238	0.3167	0.5027	0.2827	0.4997	0.3221	0.3312	0.3013	0.2400	0.4923	0.0756	0.3307
0.2527	0.2805	0.5006	0.3358	0.2319	0.3394	0.2871	0.5200	0.3099	0.0865	0.0769	0.3025	0.5055	0.3265	0.0705	0.0521	0.5042	0.0732	0.5142	0.2983	0.3030	0.4903	0.3308	0.3228	0.2942	0.4886	0.2453	0.2450	0.0935	0.2966	0.2975	0.3233	0.3109	0.5088	0.2842	0.4552	0.4979	0.0779	0.3233	0.5167	0.0645	0.0000	0.2989	0.2236	0.4894	0.2984	0.4982	0.3017	0.1189	0.3328	0.4916	0.2834	0.4832	0.3280	0.3211	0.3053	0.2521	0.4931	0.0585	0.3364
0.4606	0.1374	0.3555	0.4588	0.2172	0.4925	0.1175	0.3885	0.4594	0.2909	0.2933	0.1315	0.3641	0.4598	0.2872	0.2925	0.3614	0.3165	0.3563	0.1128	0.1004	0.3338	0.4760	0.4688	0.1395	0.3539	0.2003	0.2041	0.2972	0.1273	0.0930	0.4585	0.1255	0.3758	0.1054	0.2037	0.3570	0.2946	0.4668	0.3710	0.2999	0.2989	0.0000	0.2108	0.3615	0.1085	0.3418	0.4706	0.3944	0.4718	0.3451	0.1010	0.3413	0.4750	0.4824	0.1300	0.2147	0.3675	0.2915	0.4694
0.3741	0.2041	0.3831	0.4052	0.1557	0.3965	0.1871	0.3960	0.3784	0.2470	0.2413	0.2205	0.3979	0.3925	0.2382	0.2211	0.3832	0.2406	0.3914	0.2204	0.2215	0.3725	0.4059	0.4048	0.2202	0.3759	0.1645	0.1534	0.2572	0.2125	0.1983	0.3841	0.2069	0.3948	0.1901	0.2928	0.3706	0.2467	0.3833	0.3993	0.2283	0.2236	0.2108	0.0000	0.3720	0.2041	0.3622	0.3673	0.2845	0.3936	0.3706	0.2013	0.3740	0.3944	0.3843	0.2167	0.1600	0.3681	0.2315	0.3916
0.4028	0.3393	0.1802	0.3618	0.3851	0.3567	0.3264	0.1815	0.3710	0.5104	0.5031	0.3439	0.1884	0.3562	0.5031	0.4799	0.1664	0.4800	0.1639	0.3672	0.3557	0.1877	0.3643	0.3775	0.3483	0.1801	0.3930	0.3863	0.4972	0.3406	0.3539	0.3714	0.3347	0.1673	0.3451	0.3352	0.1470	0.5018	0.3415	0.1686	0.4964	0.4894	0.3615	0.3720	0.0000	0.3387	0.1588	0.3678	0.5603	0.3481	0.1589	0.3560	0.1602	0.3595	0.3402	0.3467	0.3576	0.1549	0.4970	0.3571
0.4376	0.1008	0.3504	0.4429	0.2176	0.4585	0.0790	0.3798	0.4493	0.2973	0.2835	0.1179	0.3637	0.4413	0.2970	0.2887	0.3338	0.2870	0.3355	0.1121	0.0983	0.3284	0.4856	0.4774	0.1017	0.3642	0.2001	0.2090	0.2761	0.1021	0.0979	0.4440	0.0848	0.3475	0.1081	0.2194	0.3474	0.3032	0.4541	0.3480	0.2920	0.2984	0.1085	0.2041	0.3387	0.0000	0.3332	0.4680	0.3902	0.4428	0.3613	0.0881	0.3641	0.4610	0.4601	0.0999	0.1876	0.3612	0.3084	0.4533
0.4194	0.3403	0.1672	0.3697	0.3789	0.3880	0.3176	0.1765	0.3767	0.5081	0.5028	0.3276	0.1796	0.3649	0.5125	0.4891	0.1613	0.4867	0.1614	0.3538	0.3417	0.1859	0.3842	0.3961	0.3491	0.1813	0.3876	0.3807	0.4914	0.3279	0.3406	0.3749	0.3272	0.1641	0.3394	0.3256	0.1276	0.4970	0.3446	0.1627	0.5042	0.4982	0.3418	0.3622	0.1588	0.3332	0.0000	0.3753	0.5684	0.3666	0.1486	0.3465	0.1440	0.3801	0.3509	0.3309	0.3490	0.1500	0.4970	0.3635
0.2143	0.4666	0.3735	0.2041	0.3805	0.1824	0.4566	0.3939	0.1453	0.3286	0.3234	0.4743	0.3947	0.1549	0.3189	0.3073	0.3879	0.3276	0.3923	0.4804	0.4723	0.4020	0.1656	0.1693	0.4562	0.3773	0.3951	0.3869	0.3439	0.4700	0.4638	0.1712	0.4735	0.3840	0.4560	0.5975	0.3710	0.3246	0.1376	0.3768	0.3099	0.3017	0.4706	0.3673	0.3678	0.4680	0.3753	0.0000	0.2912	0.1640	0.3625	0.4549	0.3622	0.1561	0.1471	0.4736	0.3872	0.3533	0.3198	0.1562
0.2417	0.3818	0.5679	0.3222	0.2770	0.3183	0.3772	0.5890	0.3047	0.1406	0.1328	0.3948	0.5800	0.3204	0.1315	0.1310	0.5713	0.1147	0.5826	0.4011	0.3946	0.5749	0.3138	0.3144	0.3794	0.5682	0.2979	0.2881	0.1530	0.3907	0.3966	0.3122	0.4056	0.5826	0.3882	0.5483	0.5763	0.1347	0.3121	0.5884	0.1238	0.1189	0.3944	0.2845	0.5603	0.3902	0.5684	0.2912	0.0000	0.3208	0.5730	0.3770	0.5682	0.3227	0.3109	0.3988	0.3056	0.5614	0.1277	0.3192
0.2054	0.4622	0.3639	0.1822	0.4036	0.1524	0.4512	0.3779	0.1539	0.3410	0.3317	0.4746	0.3743	0.1285	0.3274	0.3327	0.3431	0.3221	0.3528	0.4736	0.4650	0.3715	0.1724	0.1689	0.4281	0.3822	0.3874	0.3940	0.3302	0.4700	0.4618	0.1441	0.4509	0.3488	0.4741	0.6112	0.3509	0.3364	0.1313	0.3540	0.3167	0.3328	0.4718	0.3936	0.3481	0.4428	0.3666	0.1640	0.3208	0.0000	0.3715	0.4557	0.3645	0.1517	0.1443	0.4561	0.3680	0.3546	0.3459	0.1322
0.4218	0.3626	0.1584	0.3802	0.3669	0.3833	0.3470	0.1681	0.3618	0.5022	0.5083	0.3549	0.1820	0.3646	0.5015	0.4838	0.1714	0.5082	0.1521	0.3635	0.3443	0.1751	0.3554	0.3717	0.3752	0.1598	0.3851	0.3783	0.5147	0.3574	0.3347	0.3776	0.3592	0.1668	0.3307	0.3256	0.1274	0.5000	0.3476	0.1671	0.5027	0.4916	0.3451	0.3706	0.1589	0.3613	0.1486	0.3625	0.5730	0.3715	0.0000	0.3465	0.1213	0.3548	0.3558	0.3543	0.3730	0.1376	0.4886	0.3746
0.4493	0.1110	0.3445	0.4667	0.2111	0.4603	0.0964	0.3872	0.4431	0.2834	0.2736	0.1374	0.3691	0.4573	0.2743	0.2736	0.3483	0.2991	0.3523	0.1133	0.0975	0.3288	0.4601	0.4608	0.1178	0.3397	0.1951	0.2042	0.2932	0.1257	0.0879	0.4600	0.1131	0.3629	0.0920	0.2091	0.3607	0.2896	0.4624	0.3656	0.2827	0.2834	0.1010	0.2013	0.3560	0.0881	0.3465	0.4549	0.3770	0.4557	0.3465	0.0000	0.3508	0.4490	0.4717	0.1179	0.2056	0.3544	0.2851	0.4656
0.4138	0.3664	0.1498	0.3658	0.3813	0.3882	0.3489	0.1713	0.3566	0.4948	0.4994	0.3551	0.1694	0.3613	0.5034	0.4871	0.1653	0.5056	0.1568	0.3655	0.3409	0.1720	0.3535	0.3625	0.3767	0.1414	0.3808	0.3802	0.5128	0.3573	0.3334	0.3681	0.3596	0.1607	0.3330	0.3285	0.1249	0.4806	0.3436	0.1657	0.4997	0.4832	0.3413	0.3740	0.1602	0.3641	0.1440	0.3622	0.5682	0.3645	0.1213	0.3508	0.0000	0.3504	0.3523	0.3539	0.3764	0.1315	0.4806	0.3592
0.2112	0.4747	0.3516	0.1931	0.3959	0.1658	0.4680	0.3678	0.1455	0.3396	0.3316	0.4838	0.3741	0.1363	0.3238	0.3341	0.3579	0.3455	0.3596	0.4812	0.4658	0.3731	0.1747	0.1685	0.4576	0.3635	0.4033	0.3926	0.3438	0.4792	0.4631	0.1691	0.4646	0.3543	0.4704	0.6010	0.3583	0.3368	0.1529	0.3570	0.3221	0.3280	0.4750	0.3944	0.3595	0.4610	0.3801	0.1561	0.3227	0.1517	0.3548	0.4490	0.3504	0.0000	0.1527	0.4746	0.3903	0.3426	0.3440	0.1499
0.1886	0.4573	0.3648	0.1812	0.3964	0.1625	0.4476	0.3662	0.1476	0.3497	0.3422	0.4630	0.3713	0.1326	0.3471	0.3249	0.3559	0.3174	0.3595	0.4886	0.4814	0.3875	0.1610	0.1703	0.4541	0.3672	0.4122	0.4039	0.3425	0.4644	0.4736	0.1487	0.4617	0.3522	0.4713	0.6063	0.3433	0.3416	0.1228	0.3615	0.3312	0.3211	0.4824	0.3843	0.3402	0.4601	0.3509	0.1471	0.3109	0.1443	0.3558	0.4717	0.3523	0.1527	0.0000	0.4666	0.3784	0.3505	0.3353	0.1367
0.4306	0.1179	0.3591	0.4418	0.2338	0.4719	0.1014	0.3654	0.4687	0.2892	0.2955	0.1102	0.3445	0.4535	0.3104	0.2963	0.3473	0.2940	0.3428	0.1171	0.1067	0.3334	0.4957	0.4909	0.1222	0.3780	0.2223	0.2320	0.2761	0.1091	0.1017	0.4477	0.1074	0.3572	0.1183	0.2203	0.3350	0.2968	0.4441	0.3620	0.3013	0.3053	0.1300	0.2167	0.3467	0.0999	0.3309	0.4736	0.3988	0.4561	0.3543	0.1179	0.3539	0.4746	0.4666	0.0000	0.1965	0.3644	0.3004	0.4522
0.3746	0.2127	0.3680	0.3890	0.1650	0.3915	0.1900	0.3782	0.3832	0.2704	0.2505	0.2096	0.3663	0.3773	0.2595	0.2529	0.3470	0.2434	0.3548	0.2261	0.2085	0.3465	0.4166	0.4034	0.1932	0.3868	0.1656	0.1564	0.2494	0.2168	0.2020	0.3682	0.1899	0.3534	0.2082	0.3026	0.3561	0.2604	0.3835	0.3592	0.2400	0.2521	0.2147	0.1600	0.3576	0.1876	0.3490	0.3872	0.3056	0.3680	0.3730	0.2056	0.3764	0.3903	0.3784	0.1965	0.0000	0.3644	0.2685	0.3805
0.4248	0.3601	0.1515	0.3730	0.3800	0.3686	0.3416	0.1645	0.3611	0.5089	0.4939	0.3612	0.1848	0.3579	0.5012	0.4857	0.1590	0.5025	0.1609	0.3803	0.3594	0.1744	0.3499	0.3744	0.3707	0.1561	0.3748	0.3767	0.5109	0.3645	0.3490	0.3794	0.3476	0.1527	0.3410	0.3397	0.1289	0.5069	0.3425	0.1592	0.4923	0.4931	0.3675	0.3681	0.1549	0.3612	0.1500	0.3533	0.5614	0.3546	0.1376	0.3544	0.1315	0.3426	0.3505	0.3644	0.3644	0.0000	0.4967	0.3600
0.2435	0.2931	0.5098	0.3375	0.2402	0.3501	0.2984	0.5249	0.3309	0.0759	0.0909	0.2997	0.5028	0.3372	0.0755	0.0636	0.5118	0.0890	0.5132	0.2975	0.2955	0.4961	0.3308	0.3279	0.3023	0.4972	0.2517	0.2506	0.0916	0.2922	0.2898	0.3238	0.3251	0.5164	0.2917	0.4598	0.4914	0.0618	0.3199	0.5260	0.0756	0.0585	0.2915	0.2315	0.4970	0.3084	0.4970	0.3198	0.1277	0.3459	0.4886	0.2851	0.4806	0.3440	0.3353	0.3004	0.2685	0.4967	0.0000	0.3368
0.1962	0.4669	0.3758	0.1719	0.4022	0.1548	0.4580	0.3741	0.1478	0.3348	0.3400	0.4669	0.3583	0.1266	0.3349	0.3378	0.3561	0.3314	0.3564	0.4678	0.4564	0.3788	0.1885	0.1745	0.4468	0.3913	0.3993	0.4038	0.3178	0.4622	0.4672	0.1349	0.4593	0.3544	0.4805	0.6174	0.3483	0.3233	0.1193	0.3667	0.3307	0.3364	0.4694	0.3916	0.3571	0.4533	0.3635	0.1562	0.3192	0.1322	0.3746	0.4656	0.3592	0.1499	0.1367	0.4522	0.3805	0.3600	0.3368	0.0000
