Sim2	Sim5	Sim7	Sim12	Sim20	Sim21	Sim25	Sim27	Sim28	Sim30	Sim31	Sim33	Sim35	Sim36	Sim43	Sim44	Sim46	Sim52	Sim56	Sim57
0.0000	0.2302	0.0877	0.1192	0.1354	0.1221	0.1241	0.2250	0.2364	0.1049	0.1214	0.1097	0.1165	0.2109	0.1374	0.2041	0.1008	0.1110	0.1179	0.2127
0.2302	0.0000	0.2078	0.2283	0.2363	0.2296	0.2258	0.1786	0.1637	0.2334	0.2162	0.2289	0.1951	0.2904	0.2172	0.1557	0.2176	0.2111	0.2338	0.1650
0.0877	0.2078	0.0000	0.0978	0.1173	0.1001	0.1063	0.2095	0.2072	0.0892	0.0909	0.0882	0.0963	0.2107	0.1175	0.1871	0.0790	0.0964	0.1014	0.1900
0.1192	0.2283	0.0978	0.0000	0.1424	0.1277	0.1448	0.2439	0.2399	0.1132	0.1128	0.1145	0.1254	0.2083	0.1315	0.2205	0.1179	0.1374	0.1102	0.2096
0.1354	0.2363	0.1173	0.1424	0.0000	0.1080	0.1368	0.2080	0.2239	0.1404	0.0988	0.1240	0.1200	0.2191	0.1128	0.2204	0.1121	0.1133	0.1171	0.2261
0.1221	0.2296	0.1001	0.1277	0.1080	0.0000	0.1266	0.1987	0.2150	0.1240	0.0885	0.1106	0.1118	0.2187	0.1004	0.2215	0.0983	0.0975	0.1067	0.2085
0.1241	0.2258	0.1063	0.1448	0.1368	0.1266	0.0000	0.2134	0.2187	0.1333	0.1142	0.1102	0.1297	0.2375	0.1395	0.2202	0.1017	0.1178	0.1222	0.1932
0.2250	0.1786	0.2095	0.2439	0.2080	0.1987	0.2134	0.0000	0.1545	0.2344	0.1969	0.2090	0.2024	0.2904	0.2003	0.1645	0.2001	0.1951	0.2223	0.1656
0.2364	0.1637	0.2072	0.2399	0.2239	0.2150	0.2187	0.1545	0.0000	0.2359	0.1965	0.2192	0.2004	0.2997	0.2041	0.1534	0.2090	0.2042	0.2320	0.1564
0.1049	0.2334	0.0892	0.1132	0.1404	0.1240	0.1333	0.2344	0.2359	0.0000	0.1162	0.1072	0.1169	0.2150	0.1273	0.2125	0.1021	0.1257	0.1091	0.2168
0.1214	0.2162	0.0909	0.1128	0.0988	0.0885	0.1142	0.1969	0.1965	0.1162	0.0000	0.1039	0.0848	0.2066	0.0930	0.1983	0.0979	0.0879	0.1017	0.2020
0.1097	0.2289	0.0882	0.1145	0.1240	0.1106	0.1102	0.2090	0.2192	0.1072	0.1039	0.0000	0.1167	0.2132	0.1255	0.2069	0.0848	0.1131	0.1074	0.1899
0.1165	0.1951	0.0963	0.1254	0.1200	0.1118	0.1297	0.2024	0.2004	0.1169	0.0848	0.1167	0.0000	0.1838	0.1054	0.1901	0.1081	0.0920	0.1183	0.2082
0.2109	0.2904	0.2107	0.2083	0.2191	0.2187	0.2375	0.2904	0.2997	0.2150	0.2066	0.2132	0.1838	0.0000	0.2037	0.2928	0.2194	0.2091	0.2203	0.3026
0.1374	0.2172	0.1175	0.1315	0.1128	0.1004	0.1395	0.2003	0.2041	0.1273	0.0930	0.1255	0.1054	0.2037	0.0000	0.2108	0.1085	0.1010	0.1300	0.2147
0.2041	0.1557	0.1871	0.2205	0.2204	0.2215	0.2202	0.1645	0.1534	0.2125	0.1983	0.2069	0.1901	0.2928	0.2108	0.0000	0.2041	0.2013	0.2167	0.1600
0.1008	0.2176	0.0790	0.1179	0.1121	0.0983	0.1017	0.2001	0.2090	0.1021	0.0979	0.0848	0.1081	0.2194	0.1085	0.2041	0.0000	0.0881	0.0999	0.1876
0.1110	0.2111	0.0964	0.1374	0.1133	0.0975	0.1178	0.1951	0.2042	0.1257	0.0879	0.1131	0.0920	0.2091	0.1010	0.2013	0.0881	0.0000	0.1179	0.2056
0.1179	0.2338	0.1014	0.1102	0.1171	0.1067	0.1222	0.2223	0.2320	0.1091	0.1017	0.1074	0.1183	0.2203	0.1300	0.2167	0.0999	0.1179	0.0000	0.1965
0.2127	0.1650	0.1900	0.2096	0.2261	0.2085	0.1932	0.1656	0.1564	0.2168	0.2020	0.1899	0.2082	0.3026	0.2147	0.1600	0.1876	0.2056	0.1965	0.0000
