Sim1	Sim2	Sim3	Sim4	Sim5	Sim6	Sim7	Sim8	Sim10	Sim12	Sim14	Sim15	Sim16	Sim20	Sim21	Sim22	Sim24	Sim25	Sim26	Sim27	Sim29	Sim30	Sim31	Sim34	Sim35	Sim38	Sim39	Sim40	Sim41	Sim42	Sim44	Sim45	Sim46	Sim47	Sim49	Sim50	Sim51	Sim52	Sim54	Sim55	Sim56	Sim58	Sim60
0.0000	0.2492	0.2498	0.2465	0.2510	0.2375	0.0963	0.2518	0.2330	0.1308	0.4289	0.2514	0.2281	0.3880	0.4087	0.1133	0.2456	0.1120	0.4287	0.1040	0.4057	0.2582	0.2328	0.4292	0.4126	0.2541	0.0886	0.2301	0.3741	0.1140	0.4103	0.1323	0.4097	0.0851	0.3878	0.2482	0.2375	0.1286	0.4045	0.2373	0.2353	0.2388	0.1303
0.2492	0.0000	0.0455	0.0413	0.0510	0.0444	0.2526	0.0678	0.0471	0.2747	0.3019	0.0589	0.0459	0.2683	0.2895	0.2595	0.0464	0.2471	0.3211	0.2555	0.2732	0.0635	0.0522	0.3040	0.3057	0.0787	0.2536	0.4011	0.2147	0.2718	0.2860	0.2641	0.3014	0.2722	0.2721	0.0631	0.0430	0.2947	0.2817	0.0360	0.0568	0.0556	0.2665
0.2498	0.0455	0.0000	0.0301	0.0725	0.0561	0.2601	0.0584	0.0447	0.2605	0.3240	0.0639	0.0590	0.2770	0.3033	0.2647	0.0687	0.2672	0.2989	0.2590	0.2594	0.0637	0.0349	0.3120	0.2884	0.0505	0.2700	0.3815	0.1857	0.2428	0.2972	0.2409	0.2982	0.2614	0.2847	0.0669	0.0561	0.2725	0.2998	0.0507	0.0330	0.0386	0.2886
0.2465	0.0413	0.0301	0.0000	0.0690	0.0562	0.2644	0.0445	0.0478	0.2571	0.3234	0.0614	0.0592	0.2672	0.3038	0.2712	0.0634	0.2667	0.2977	0.2590	0.2560	0.0664	0.0318	0.3189	0.2870	0.0573	0.2629	0.3777	0.1952	0.2490	0.2891	0.2416	0.3027	0.2445	0.2760	0.0695	0.0498	0.2760	0.3008	0.0567	0.0355	0.0288	0.2864
0.2510	0.0510	0.0725	0.0690	0.0000	0.0522	0.2609	0.0525	0.0565	0.2469	0.2885	0.0431	0.0543	0.2826	0.2857	0.2606	0.0484	0.2654	0.3009	0.2595	0.2943	0.0443	0.0659	0.2933	0.3036	0.0478	0.2595	0.3891	0.1966	0.2772	0.2801	0.2787	0.3094	0.2759	0.2857	0.0462	0.0593	0.2671	0.2915	0.0535	0.0630	0.0600	0.2494
0.2375	0.0444	0.0561	0.0562	0.0522	0.0000	0.2498	0.0686	0.0515	0.2679	0.3181	0.0472	0.0376	0.2776	0.2900	0.2425	0.0410	0.2540	0.3188	0.2391	0.2778	0.0709	0.0474	0.3091	0.3173	0.0681	0.2348	0.3873	0.2215	0.2510	0.2890	0.2687	0.3002	0.2547	0.2719	0.0604	0.0336	0.2788	0.2923	0.0315	0.0558	0.0517	0.2658
0.0963	0.2526	0.2601	0.2644	0.2609	0.2498	0.0000	0.2671	0.2427	0.1403	0.4285	0.2666	0.2410	0.3990	0.4020	0.1181	0.2528	0.1085	0.4388	0.1010	0.4095	0.2644	0.2605	0.4283	0.4226	0.2697	0.0988	0.2438	0.3783	0.1272	0.4236	0.1441	0.4090	0.1042	0.3912	0.2582	0.2426	0.1295	0.4037	0.2492	0.2465	0.2547	0.1255
0.2518	0.0678	0.0584	0.0445	0.0525	0.0686	0.2671	0.0000	0.0643	0.2305	0.3192	0.0491	0.0703	0.2903	0.3079	0.2760	0.0590	0.2790	0.2840	0.2655	0.2794	0.0520	0.0484	0.3085	0.2917	0.0398	0.2681	0.3810	0.1837	0.2545	0.2849	0.2626	0.3171	0.2508	0.2979	0.0514	0.0636	0.2530	0.3169	0.0703	0.0486	0.0453	0.2734
0.2330	0.0471	0.0447	0.0478	0.0565	0.0515	0.2427	0.0643	0.0000	0.2605	0.3198	0.0519	0.0416	0.2680	0.2910	0.2526	0.0546	0.2581	0.3168	0.2436	0.2771	0.0569	0.0440	0.3089	0.3000	0.0602	0.2470	0.3882	0.2042	0.2486	0.2933	0.2500	0.2999	0.2500	0.2794	0.0673	0.0502	0.2748	0.2992	0.0419	0.0376	0.0401	0.2671
0.1308	0.2747	0.2605	0.2571	0.2469	0.2679	0.1403	0.2305	0.2605	0.0000	0.4283	0.2504	0.2634	0.4122	0.4187	0.1573	0.2620	0.1542	0.4025	0.1630	0.4088	0.2498	0.2583	0.4278	0.4031	0.2354	0.1417	0.2378	0.3509	0.1451	0.4140	0.1571	0.4351	0.1153	0.4234	0.2528	0.2618	0.1276	0.4273	0.2778	0.2476	0.2473	0.1452
0.4289	0.3019	0.3240	0.3234	0.2885	0.3181	0.4285	0.3192	0.3198	0.4283	0.0000	0.3009	0.3093	0.1848	0.1523	0.4326	0.3006	0.4393	0.1821	0.4290	0.1993	0.2987	0.3252	0.1696	0.1896	0.3097	0.4345	0.4042	0.2239	0.4547	0.1718	0.4494	0.1867	0.4482	0.1665	0.2970	0.3250	0.4444	0.1522	0.3176	0.3264	0.3319	0.4362
0.2514	0.0589	0.0639	0.0614	0.0431	0.0472	0.2666	0.0491	0.0519	0.2504	0.3009	0.0000	0.0517	0.2913	0.2932	0.2665	0.0445	0.2766	0.2966	0.2584	0.2892	0.0427	0.0588	0.3016	0.3017	0.0495	0.2584	0.3893	0.1964	0.2646	0.2886	0.2706	0.3141	0.2651	0.2916	0.0426	0.0552	0.2690	0.3007	0.0533	0.0578	0.0581	0.2704
0.2281	0.0459	0.0590	0.0592	0.0543	0.0376	0.2410	0.0703	0.0416	0.2634	0.3093	0.0517	0.0000	0.2733	0.2855	0.2399	0.0507	0.2591	0.3168	0.2352	0.2825	0.0689	0.0515	0.3010	0.3157	0.0657	0.2413	0.3894	0.2170	0.2527	0.2884	0.2633	0.2938	0.2599	0.2667	0.0521	0.0468	0.2758	0.2867	0.0370	0.0536	0.0610	0.2617
0.3880	0.2683	0.2770	0.2672	0.2826	0.2776	0.3990	0.2903	0.2680	0.4122	0.1848	0.2913	0.2733	0.0000	0.1255	0.3927	0.2868	0.4075	0.1622	0.4066	0.1633	0.2917	0.2728	0.1652	0.1627	0.2957	0.3897	0.3979	0.2323	0.4117	0.1726	0.4039	0.1671	0.4015	0.1440	0.3030	0.2877	0.4215	0.1379	0.2792	0.2717	0.2770	0.4167
0.4087	0.2895	0.3033	0.3038	0.2857	0.2900	0.4020	0.3079	0.2910	0.4187	0.1523	0.2932	0.2855	0.1255	0.0000	0.4062	0.2964	0.4126	0.1459	0.4133	0.1536	0.2925	0.3105	0.1478	0.1516	0.3055	0.4078	0.4005	0.2203	0.4284	0.1436	0.4243	0.1490	0.4247	0.1187	0.3022	0.2988	0.4273	0.1125	0.2897	0.3015	0.3046	0.4135
0.1133	0.2595	0.2647	0.2712	0.2606	0.2425	0.1181	0.2760	0.2526	0.1573	0.4326	0.2665	0.2399	0.3927	0.4062	0.0000	0.2603	0.1375	0.4396	0.1302	0.4120	0.2727	0.2596	0.4298	0.4317	0.2705	0.1124	0.2620	0.3963	0.1462	0.4234	0.1589	0.4202	0.1239	0.3981	0.2628	0.2442	0.1552	0.4068	0.2492	0.2557	0.2611	0.1487
0.2456	0.0464	0.0687	0.0634	0.0484	0.0410	0.2528	0.0590	0.0546	0.2620	0.3006	0.0445	0.0507	0.2868	0.2964	0.2603	0.0000	0.2659	0.3098	0.2463	0.2899	0.0478	0.0580	0.2997	0.3028	0.0679	0.2464	0.3922	0.2058	0.2613	0.2880	0.2691	0.2986	0.2661	0.2790	0.0472	0.0456	0.2829	0.2862	0.0395	0.0573	0.0619	0.2578
0.1120	0.2471	0.2672	0.2667	0.2654	0.2540	0.1085	0.2790	0.2581	0.1542	0.4393	0.2766	0.2591	0.4075	0.4126	0.1375	0.2659	0.0000	0.4499	0.1336	0.4148	0.2736	0.2688	0.4385	0.4386	0.2820	0.1158	0.2427	0.3918	0.1496	0.4286	0.1377	0.4342	0.1183	0.4028	0.2752	0.2520	0.1472	0.4169	0.2527	0.2644	0.2684	0.1388
0.4287	0.3211	0.2989	0.2977	0.3009	0.3188	0.4388	0.2840	0.3168	0.4025	0.1821	0.2966	0.3168	0.1622	0.1459	0.4396	0.3098	0.4499	0.0000	0.4444	0.1672	0.2930	0.3022	0.1732	0.1546	0.2773	0.4383	0.3856	0.1982	0.4348	0.1660	0.4241	0.1770	0.4209	0.1579	0.3039	0.3150	0.4242	0.1595	0.3199	0.2973	0.2955	0.4443
0.1040	0.2555	0.2590	0.2590	0.2595	0.2391	0.1010	0.2655	0.2436	0.1630	0.4290	0.2584	0.2352	0.4066	0.4133	0.1302	0.2463	0.1336	0.4444	0.0000	0.4156	0.2603	0.2520	0.4396	0.4268	0.2710	0.1070	0.2583	0.3818	0.1324	0.4263	0.1587	0.4132	0.1116	0.3928	0.2484	0.2359	0.1563	0.4035	0.2404	0.2494	0.2605	0.1502
0.4057	0.2732	0.2594	0.2560	0.2943	0.2778	0.4095	0.2794	0.2771	0.4088	0.1993	0.2892	0.2825	0.1633	0.1536	0.4120	0.2899	0.4148	0.1672	0.4156	0.0000	0.2971	0.2586	0.1840	0.1716	0.2759	0.3999	0.3801	0.2161	0.3972	0.1792	0.3952	0.1775	0.3942	0.1443	0.3014	0.2747	0.4237	0.1512	0.2788	0.2644	0.2620	0.4291
0.2582	0.0635	0.0637	0.0664	0.0443	0.0709	0.2644	0.0520	0.0569	0.2498	0.2987	0.0427	0.0689	0.2917	0.2925	0.2727	0.0478	0.2736	0.2930	0.2603	0.2971	0.0000	0.0664	0.3087	0.3010	0.0552	0.2727	0.3912	0.1933	0.2688	0.2880	0.2696	0.3182	0.2716	0.2932	0.0402	0.0690	0.2746	0.2964	0.0616	0.0634	0.0656	0.2679
0.2328	0.0522	0.0349	0.0318	0.0659	0.0474	0.2605	0.0484	0.0440	0.2583	0.3252	0.0588	0.0515	0.2728	0.3105	0.2596	0.0580	0.2688	0.3022	0.2520	0.2586	0.0664	0.0000	0.3135	0.2923	0.0485	0.2586	0.3784	0.1991	0.2376	0.2935	0.2525	0.3013	0.2422	0.2750	0.0673	0.0445	0.2671	0.2998	0.0474	0.0336	0.0326	0.2846
0.4292	0.3040	0.3120	0.3189	0.2933	0.3091	0.4283	0.3085	0.3089	0.4278	0.1696	0.3016	0.3010	0.1652	0.1478	0.4298	0.2997	0.4385	0.1732	0.4396	0.1840	0.3087	0.3135	0.0000	0.1848	0.3014	0.4313	0.4184	0.2258	0.4486	0.1874	0.4485	0.1654	0.4470	0.1467	0.3058	0.3169	0.4465	0.1554	0.3053	0.3098	0.3146	0.4317
0.4126	0.3057	0.2884	0.2870	0.3036	0.3173	0.4226	0.2917	0.3000	0.4031	0.1896	0.3017	0.3157	0.1627	0.1516	0.4317	0.3028	0.4386	0.1546	0.4268	0.1716	0.3010	0.2923	0.1848	0.0000	0.2893	0.4211	0.3809	0.1913	0.4166	0.1717	0.4173	0.1706	0.4149	0.1528	0.3086	0.3130	0.4228	0.1435	0.3104	0.2825	0.2898	0.4303
0.2541	0.0787	0.0505	0.0573	0.0478	0.0681	0.2697	0.0398	0.0602	0.2354	0.3097	0.0495	0.0657	0.2957	0.3055	0.2705	0.0679	0.2820	0.2773	0.2710	0.2759	0.0552	0.0485	0.3014	0.2893	0.0000	0.2747	0.3689	0.1734	0.2502	0.2882	0.2592	0.3078	0.2608	0.2947	0.0580	0.0644	0.2556	0.3073	0.0731	0.0462	0.0432	0.2720
0.0886	0.2536	0.2700	0.2629	0.2595	0.2348	0.0988	0.2681	0.2470	0.1417	0.4345	0.2584	0.2413	0.3897	0.4078	0.1124	0.2464	0.1158	0.4383	0.1070	0.3999	0.2727	0.2586	0.4313	0.4211	0.2747	0.0000	0.2422	0.3872	0.1326	0.4118	0.1477	0.4164	0.0965	0.3874	0.2633	0.2428	0.1404	0.3976	0.2459	0.2575	0.2593	0.1284
0.2301	0.4011	0.3815	0.3777	0.3891	0.3873	0.2438	0.3810	0.3882	0.2378	0.4042	0.3893	0.3894	0.3979	0.4005	0.2620	0.3922	0.2427	0.3856	0.2583	0.3801	0.3912	0.3784	0.4184	0.3809	0.3689	0.2422	0.0000	0.3313	0.2386	0.3973	0.2457	0.4045	0.2203	0.3867	0.3847	0.3864	0.2299	0.3969	0.3960	0.3700	0.3745	0.2576
0.3741	0.2147	0.1857	0.1952	0.1966	0.2215	0.3783	0.1837	0.2042	0.3509	0.2239	0.1964	0.2170	0.2323	0.2203	0.3963	0.2058	0.3918	0.1982	0.3818	0.2161	0.1933	0.1991	0.2258	0.1913	0.1734	0.3872	0.3313	0.0000	0.3733	0.2027	0.3618	0.2300	0.3776	0.2111	0.1968	0.2163	0.3743	0.2160	0.2206	0.1894	0.1943	0.3962
0.1140	0.2718	0.2428	0.2490	0.2772	0.2510	0.1272	0.2545	0.2486	0.1451	0.4547	0.2646	0.2527	0.4117	0.4284	0.1462	0.2613	0.1496	0.4348	0.1324	0.3972	0.2688	0.2376	0.4486	0.4166	0.2502	0.1326	0.2386	0.3733	0.0000	0.4343	0.1522	0.4290	0.1112	0.4076	0.2628	0.2494	0.1483	0.4224	0.2516	0.2386	0.2477	0.1573
0.4103	0.2860	0.2972	0.2891	0.2801	0.2890	0.4236	0.2849	0.2933	0.4140	0.1718	0.2886	0.2884	0.1726	0.1436	0.4234	0.2880	0.4286	0.1660	0.4263	0.1792	0.2880	0.2935	0.1874	0.1717	0.2882	0.4118	0.3973	0.2027	0.4343	0.0000	0.4279	0.1832	0.4215	0.1571	0.2941	0.2998	0.4291	0.1481	0.2870	0.2954	0.2974	0.4329
0.1323	0.2641	0.2409	0.2416	0.2787	0.2687	0.1441	0.2626	0.2500	0.1571	0.4494	0.2706	0.2633	0.4039	0.4243	0.1589	0.2691	0.1377	0.4241	0.1587	0.3952	0.2696	0.2525	0.4485	0.4173	0.2592	0.1477	0.2457	0.3618	0.1522	0.4279	0.0000	0.4282	0.1173	0.4117	0.2704	0.2628	0.1514	0.4223	0.2641	0.2435	0.2377	0.1730
0.4097	0.3014	0.2982	0.3027	0.3094	0.3002	0.4090	0.3171	0.2999	0.4351	0.1867	0.3141	0.2938	0.1671	0.1490	0.4202	0.2986	0.4342	0.1770	0.4132	0.1775	0.3182	0.3013	0.1654	0.1706	0.3078	0.4164	0.4045	0.2300	0.4290	0.1832	0.4282	0.0000	0.4267	0.1379	0.3072	0.3003	0.4507	0.1475	0.2938	0.2939	0.3029	0.4415
0.0851	0.2722	0.2614	0.2445	0.2759	0.2547	0.1042	0.2508	0.2500	0.1153	0.4482	0.2651	0.2599	0.4015	0.4247	0.1239	0.2661	0.1183	0.4209	0.1116	0.3942	0.2716	0.2422	0.4470	0.4149	0.2608	0.0965	0.2203	0.3776	0.1112	0.4215	0.1173	0.4267	0.0000	0.4021	0.2730	0.2500	0.1167	0.4270	0.2628	0.2432	0.2374	0.1419
0.3878	0.2721	0.2847	0.2760	0.2857	0.2719	0.3912	0.2979	0.2794	0.4234	0.1665	0.2916	0.2667	0.1440	0.1187	0.3981	0.2790	0.4028	0.1579	0.3928	0.1443	0.2932	0.2750	0.1467	0.1528	0.2947	0.3874	0.3867	0.2111	0.4076	0.1571	0.4117	0.1379	0.4021	0.0000	0.2906	0.2745	0.4335	0.1138	0.2647	0.2815	0.2868	0.4175
0.2482	0.0631	0.0669	0.0695	0.0462	0.0604	0.2582	0.0514	0.0673	0.2528	0.2970	0.0426	0.0521	0.3030	0.3022	0.2628	0.0472	0.2752	0.3039	0.2484	0.3014	0.0402	0.0673	0.3058	0.3086	0.0580	0.2633	0.3847	0.1968	0.2628	0.2941	0.2704	0.3072	0.2730	0.2906	0.0000	0.0655	0.2682	0.2975	0.0562	0.0659	0.0740	0.2672
0.2375	0.0430	0.0561	0.0498	0.0593	0.0336	0.2426	0.0636	0.0502	0.2618	0.3250	0.0552	0.0468	0.2877	0.2988	0.2442	0.0456	0.2520	0.3150	0.2359	0.2747	0.0690	0.0445	0.3169	0.3130	0.0644	0.2428	0.3864	0.2163	0.2494	0.2998	0.2628	0.3003	0.2500	0.2745	0.0655	0.0000	0.2748	0.2936	0.0365	0.0511	0.0488	0.2639
0.1286	0.2947	0.2725	0.2760	0.2671	0.2788	0.1295	0.2530	0.2748	0.1276	0.4444	0.2690	0.2758	0.4215	0.4273	0.1552	0.2829	0.1472	0.4242	0.1563	0.4237	0.2746	0.2671	0.4465	0.4228	0.2556	0.1404	0.2299	0.3743	0.1483	0.4291	0.1514	0.4507	0.1167	0.4335	0.2682	0.2748	0.0000	0.4403	0.2926	0.2608	0.2629	0.1515
0.4045	0.2817	0.2998	0.3008	0.2915	0.2923	0.4037	0.3169	0.2992	0.4273	0.1522	0.3007	0.2867	0.1379	0.1125	0.4068	0.2862	0.4169	0.1595	0.4035	0.1512	0.2964	0.2998	0.1554	0.1435	0.3073	0.3976	0.3969	0.2160	0.4224	0.1481	0.4223	0.1475	0.4270	0.1138	0.2975	0.2936	0.4403	0.0000	0.2839	0.2979	0.3117	0.4156
0.2373	0.0360	0.0507	0.0567	0.0535	0.0315	0.2492	0.0703	0.0419	0.2778	0.3176	0.0533	0.0370	0.2792	0.2897	0.2492	0.0395	0.2527	0.3199	0.2404	0.2788	0.0616	0.0474	0.3053	0.3104	0.0731	0.2459	0.3960	0.2206	0.2516	0.2870	0.2641	0.2938	0.2628	0.2647	0.0562	0.0365	0.2926	0.2839	0.0000	0.0532	0.0597	0.2657
0.2353	0.0568	0.0330	0.0355	0.0630	0.0558	0.2465	0.0486	0.0376	0.2476	0.3264	0.0578	0.0536	0.2717	0.3015	0.2557	0.0573	0.2644	0.2973	0.2494	0.2644	0.0634	0.0336	0.3098	0.2825	0.0462	0.2575	0.3700	0.1894	0.2386	0.2954	0.2435	0.2939	0.2432	0.2815	0.0659	0.0511	0.2608	0.2979	0.0532	0.0000	0.0270	0.2805
0.2388	0.0556	0.0386	0.0288	0.0600	0.0517	0.2547	0.0453	0.0401	0.2473	0.3319	0.0581	0.0610	0.2770	0.3046	0.2611	0.0619	0.2684	0.2955	0.2605	0.2620	0.0656	0.0326	0.3146	0.2898	0.0432	0.2593	0.3745	0.1943	0.2477	0.2974	0.2377	0.3029	0.2374	0.2868	0.0740	0.0488	0.2629	0.3117	0.0597	0.0270	0.0000	0.2772
0.1303	0.2665	0.2886	0.2864	0.2494	0.2658	0.1255	0.2734	0.2671	0.1452	0.4362	0.2704	0.2617	0.4167	0.4135	0.1487	0.2578	0.1388	0.4443	0.1502	0.4291	0.2679	0.2846	0.4317	0.4303	0.2720	0.1284	0.2576	0.3962	0.1573	0.4329	0.1730	0.4415	0.1419	0.4175	0.2672	0.2639	0.1515	0.4156	0.2657	0.2805	0.2772	0.0000
