Sim1	Sim2	Sim3	Sim4	Sim5	Sim6	Sim7	Sim8	Sim9	Sim10	Sim11	Sim12	Sim13	Sim14	Sim15	Sim16	Sim17	Sim18	Sim19	Sim20	Sim21	Sim22	Sim23	Sim24	Sim25	Sim26	Sim27	Sim28	Sim29	Sim30	Sim31	Sim32	Sim33	Sim34	Sim35	Sim36	Sim37	Sim38	Sim39	Sim40	Sim41	Sim42	Sim43	Sim44	Sim45	Sim46	Sim47	Sim48	Sim49	Sim50	Sim51	Sim52	Sim53	Sim54	Sim55	Sim56	Sim57	Sim58	Sim59	Sim60
0.0000	0.4904	0.3777	0.1587	0.3876	0.1460	0.4995	0.3520	0.1557	0.3679	0.3727	0.4933	0.3739	0.1271	0.3416	0.3510	0.3521	0.3441	0.3333	0.4947	0.5011	0.3462	0.1670	0.1656	0.5005	0.3509	0.3982	0.3949	0.3536	0.5043	0.4896	0.1520	0.4884	0.3493	0.4909	0.5984	0.3200	0.3509	0.1139	0.3396	0.3532	0.3456	0.5011	0.3753	0.3362	0.4881	0.3422	0.1477	0.3161	0.1303	0.3340	0.4901	0.3497	0.1484	0.1226	0.5016	0.3750	0.3524	0.3520	0.1382
0.4904	0.0000	0.3832	0.4961	0.2549	0.4801	0.0987	0.3390	0.5043	0.2899	0.3005	0.1050	0.3412	0.4828	0.3027	0.3103	0.3348	0.2873	0.3494	0.1157	0.1017	0.3742	0.5081	0.5053	0.0983	0.3641	0.2500	0.2525	0.3015	0.1052	0.0925	0.4969	0.1056	0.3531	0.0938	0.1831	0.3565	0.3113	0.4906	0.3512	0.3083	0.3087	0.1149	0.2219	0.3700	0.0859	0.3434	0.5084	0.4363	0.4974	0.3577	0.0966	0.3617	0.5116	0.4958	0.1017	0.2284	0.3633	0.2971	0.4833
0.3777	0.3832	0.0000	0.4156	0.4199	0.3832	0.3929	0.2179	0.3426	0.5096	0.5016	0.3982	0.2193	0.3677	0.5000	0.5010	0.1988	0.5108	0.2118	0.3979	0.3768	0.1675	0.3548	0.3910	0.3917	0.1891	0.3783	0.3979	0.5248	0.3920	0.3958	0.3759	0.4016	0.2033	0.3851	0.3217	0.1738	0.5005	0.3905	0.2005	0.4953	0.5073	0.4031	0.3966	0.1903	0.3991	0.1816	0.3762	0.5818	0.3873	0.1767	0.3814	0.1695	0.3678	0.3708	0.3959	0.4084	0.1886	0.4990	0.3724
0.1587	0.4961	0.4156	0.0000	0.3942	0.1865	0.4978	0.3855	0.1849	0.3677	0.3562	0.4896	0.4010	0.1676	0.3354	0.3536	0.3824	0.3453	0.3808	0.5110	0.5022	0.3809	0.2121	0.1968	0.4983	0.4050	0.3852	0.3937	0.3382	0.4989	0.4919	0.1902	0.4940	0.3852	0.5017	0.5941	0.3607	0.3540	0.1668	0.3747	0.3449	0.3487	0.5006	0.3788	0.3618	0.4978	0.3788	0.2005	0.3064	0.1748	0.3668	0.5043	0.3915	0.1736	0.1661	0.4984	0.3698	0.4017	0.3620	0.1602
0.3876	0.2549	0.4199	0.3942	0.0000	0.3670	0.2556	0.3930	0.3815	0.2359	0.2453	0.2797	0.4033	0.3794	0.2358	0.2396	0.3991	0.2410	0.3983	0.2627	0.2626	0.4133	0.3866	0.3668	0.2541	0.3898	0.1726	0.1700	0.2489	0.2631	0.2617	0.3972	0.2834	0.4189	0.2478	0.3018	0.4117	0.2334	0.3658	0.4170	0.2420	0.2297	0.2749	0.1765	0.4094	0.2592	0.4065	0.3682	0.2516	0.3879	0.4018	0.2532	0.3987	0.3975	0.3990	0.2508	0.1668	0.3985	0.2293	0.3781
0.1460	0.4801	0.3832	0.1865	0.3670	0.0000	0.4658	0.3556	0.1802	0.3587	0.3620	0.4787	0.3572	0.1402	0.3375	0.3502	0.3554	0.3424	0.3448	0.4957	0.4804	0.3495	0.1757	0.1790	0.4864	0.3613	0.3815	0.3832	0.3315	0.4812	0.4785	0.1728	0.4734	0.3347	0.4812	0.5716	0.3271	0.3572	0.1404	0.3499	0.3493	0.3472	0.4773	0.3721	0.3319	0.4651	0.3413	0.1607	0.3166	0.1672	0.3300	0.4796	0.3558	0.1623	0.1507	0.4700	0.3607	0.3654	0.3628	0.1577
0.4995	0.0987	0.3929	0.4978	0.2556	0.4658	0.0000	0.3531	0.5036	0.2719	0.2936	0.1046	0.3367	0.4796	0.2847	0.2985	0.3375	0.2700	0.3654	0.1128	0.0851	0.3800	0.5068	0.4979	0.0961	0.3664	0.2417	0.2572	0.2856	0.0865	0.0911	0.4887	0.0902	0.3544	0.0973	0.1901	0.3501	0.3049	0.5000	0.3500	0.2901	0.3087	0.1033	0.2230	0.3672	0.0679	0.3411	0.5082	0.4341	0.5056	0.3655	0.0899	0.3684	0.5139	0.4979	0.0727	0.2304	0.3774	0.2969	0.4882
0.3520	0.3390	0.2179	0.3855	0.3930	0.3556	0.3531	0.0000	0.3645	0.4796	0.4966	0.3535	0.1947	0.3321	0.4917	0.4940	0.1871	0.4677	0.1763	0.3749	0.3717	0.1638	0.3804	0.3736	0.3583	0.1916	0.3933	0.3887	0.4860	0.3634	0.3601	0.3517	0.3571	0.1845	0.3498	0.3395	0.1531	0.4825	0.3534	0.1669	0.4935	0.4869	0.3574	0.3563	0.1698	0.3535	0.1586	0.3749	0.5595	0.3605	0.1670	0.3639	0.1661	0.3562	0.3468	0.3514	0.3927	0.1824	0.4805	0.3413
0.1557	0.5043	0.3426	0.1849	0.3815	0.1802	0.5036	0.3645	0.0000	0.3739	0.3660	0.4961	0.3753	0.1564	0.3577	0.3498	0.3621	0.3763	0.3660	0.4867	0.4869	0.3241	0.1454	0.1703	0.5054	0.3312	0.3696	0.3702	0.3829	0.5149	0.4974	0.1833	0.5037	0.3560	0.4974	0.5641	0.3326	0.3591	0.1540	0.3602	0.3468	0.3476	0.5037	0.3922	0.3473	0.5108	0.3514	0.1599	0.3169	0.1681	0.3199	0.4736	0.3387	0.1499	0.1513	0.5120	0.3878	0.3450	0.3529	0.1684
0.3679	0.2899	0.5096	0.3677	0.2359	0.3587	0.2719	0.4796	0.3739	0.0000	0.1043	0.2885	0.4893	0.3747	0.1111	0.0850	0.4803	0.1113	0.4894	0.2534	0.2623	0.4979	0.3741	0.3574	0.2792	0.4748	0.2331	0.2448	0.1031	0.2829	0.2591	0.3861	0.2752	0.4995	0.2834	0.4111	0.4964	0.0873	0.3681	0.4952	0.0852	0.0964	0.2837	0.2497	0.5016	0.2719	0.4874	0.3791	0.1807	0.3716	0.4843	0.2616	0.5057	0.3857	0.3782	0.2807	0.2359	0.4917	0.0815	0.3721
0.3727	0.3005	0.5016	0.3562	0.2453	0.3620	0.2936	0.4966	0.3660	0.1043	0.0000	0.2898	0.4995	0.3864	0.1007	0.0872	0.4909	0.1262	0.5032	0.2729	0.2838	0.5011	0.3713	0.3542	0.2970	0.4840	0.2250	0.2500	0.1110	0.2942	0.2737	0.3725	0.2850	0.5154	0.2823	0.4108	0.5021	0.0906	0.3708	0.5182	0.0976	0.0938	0.3124	0.2524	0.5080	0.2880	0.5027	0.3839	0.1762	0.3816	0.4873	0.2728	0.5032	0.3791	0.3717	0.3034	0.2264	0.4963	0.0931	0.3812
0.4933	0.1050	0.3982	0.4896	0.2797	0.4787	0.1046	0.3535	0.4961	0.2885	0.2898	0.0000	0.3719	0.4847	0.2817	0.2963	0.3609	0.2691	0.3586	0.1389	0.1099	0.3989	0.5023	0.5027	0.1067	0.3808	0.2589	0.2663	0.2891	0.0965	0.1175	0.4841	0.1040	0.3638	0.1233	0.2032	0.3690	0.3001	0.4841	0.3543	0.2895	0.3002	0.1260	0.2313	0.3796	0.1048	0.3597	0.5066	0.4291	0.4912	0.3589	0.1158	0.3772	0.5072	0.4929	0.1220	0.2393	0.3854	0.2891	0.4771
0.3739	0.3412	0.2193	0.4010	0.4033	0.3572	0.3367	0.1947	0.3753	0.4893	0.4995	0.3719	0.0000	0.3312	0.5011	0.5063	0.1608	0.4752	0.1907	0.3679	0.3660	0.1668	0.3811	0.3868	0.3519	0.1814	0.3865	0.3882	0.4880	0.3561	0.3648	0.3713	0.3639	0.1651	0.3522	0.3248	0.1611	0.5032	0.3782	0.1676	0.5037	0.5121	0.3541	0.3602	0.1699	0.3352	0.1590	0.3770	0.5741	0.3775	0.1762	0.3546	0.1702	0.3634	0.3656	0.3381	0.3940	0.1794	0.5026	0.3640
0.1271	0.4828	0.3677	0.1676	0.3794	0.1402	0.4796	0.3321	0.1564	0.3747	0.3864	0.4847	0.3312	0.0000	0.3568	0.3727	0.3462	0.3554	0.3246	0.4984	0.4913	0.3277	0.1689	0.1629	0.4942	0.3433	0.3941	0.3790	0.3572	0.4984	0.4791	0.1626	0.4758	0.3306	0.4885	0.5861	0.3055	0.3735	0.1198	0.3274	0.3651	0.3639	0.4769	0.3703	0.3197	0.4727	0.3282	0.1608	0.3286	0.1438	0.3248	0.4868	0.3396	0.1368	0.1359	0.4755	0.3813	0.3376	0.3648	0.1450
0.3416	0.3027	0.5000	0.3354	0.2358	0.3375	0.2847	0.4917	0.3577	0.1111	0.1007	0.2817	0.5011	0.3568	0.0000	0.0892	0.4898	0.1069	0.4849	0.2901	0.2827	0.5096	0.3529	0.3430	0.2903	0.4782	0.2321	0.2409	0.1048	0.2927	0.2809	0.3511	0.2832	0.4989	0.2820	0.4237	0.4859	0.0943	0.3481	0.4979	0.0886	0.1015	0.2947	0.2386	0.4893	0.2844	0.4872	0.3577	0.1774	0.3490	0.4724	0.2859	0.4884	0.3735	0.3493	0.2998	0.2124	0.5021	0.0927	0.3488
0.3510	0.3103	0.5010	0.3536	0.2396	0.3502	0.2985	0.4940	0.3498	0.0850	0.0872	0.2963	0.5063	0.3727	0.0892	0.0000	0.4979	0.1044	0.4921	0.2771	0.2807	0.4912	0.3453	0.3369	0.2947	0.4736	0.2169	0.2329	0.0914	0.2974	0.2770	0.3615	0.2883	0.5118	0.2947	0.4238	0.4913	0.0710	0.3556	0.5114	0.0710	0.0734	0.3114	0.2379	0.4953	0.2964	0.4969	0.3638	0.1723	0.3623	0.4820	0.2712	0.5000	0.3704	0.3532	0.3081	0.2139	0.4908	0.0665	0.3664
0.3521	0.3348	0.1988	0.3824	0.3991	0.3554	0.3375	0.1871	0.3621	0.4803	0.4909	0.3609	0.1608	0.3462	0.4898	0.4979	0.0000	0.4781	0.1868	0.3665	0.3484	0.1770	0.3641	0.3745	0.3496	0.1864	0.3765	0.3900	0.4811	0.3471	0.3568	0.3590	0.3475	0.1660	0.3470	0.3134	0.1440	0.4942	0.3640	0.1654	0.4984	0.5084	0.3660	0.3506	0.1541	0.3289	0.1409	0.3691	0.5747	0.3704	0.1684	0.3589	0.1675	0.3637	0.3527	0.3454	0.3774	0.1790	0.4995	0.3624
0.3441	0.2873	0.5108	0.3453	0.2410	0.3424	0.2700	0.4677	0.3763	0.1113	0.1262	0.2691	0.4752	0.3554	0.1069	0.1044	0.4781	0.0000	0.4731	0.2874	0.2919	0.5101	0.3747	0.3578	0.2718	0.4931	0.2430	0.2610	0.0964	0.2747	0.2667	0.3535	0.2648	0.4895	0.2894	0.4384	0.4791	0.1019	0.3434	0.4813	0.0903	0.1114	0.2846	0.2192	0.4818	0.2698	0.4851	0.3680	0.1792	0.3537	0.4837	0.2832	0.4974	0.3782	0.3567	0.2821	0.2071	0.4968	0.1046	0.3447
0.3333	0.3494	0.2118	0.3808	0.3983	0.3448	0.3654	0.1763	0.3660	0.4894	0.5032	0.3586	0.1907	0.3246	0.4849	0.4921	0.1868	0.4731	0.0000	0.3695	0.3782	0.1749	0.3648	0.3799	0.3628	0.1827	0.3889	0.3794	0.4854	0.3743	0.3668	0.3485	0.3594	0.1837	0.3573	0.3457	0.1437	0.4847	0.3356	0.1661	0.4927	0.4937	0.3707	0.3604	0.1608	0.3570	0.1502	0.3582	0.5605	0.3375	0.1589	0.3626	0.1721	0.3460	0.3407	0.3672	0.3876	0.1740	0.4885	0.3340
0.4947	0.1157	0.3979	0.5110	0.2627	0.4957	0.1128	0.3749	0.4867	0.2534	0.2729	0.1389	0.3679	0.4984	0.2901	0.2771	0.3665	0.2874	0.3695	0.0000	0.0950	0.3689	0.4893	0.4974	0.1274	0.3505	0.2413	0.2429	0.3000	0.1185	0.0942	0.5042	0.1233	0.3844	0.1026	0.1766	0.3785	0.2743	0.5063	0.3837	0.2804	0.2743	0.1215	0.2398	0.3982	0.1045	0.3683	0.4906	0.4090	0.5021	0.3685	0.0884	0.3728	0.5063	0.5089	0.1131	0.2610	0.3538	0.2630	0.5042
0.5011	0.1017	0.3768	0.5022	0.2626	0.4804	0.0851	0.3717	0.4869	0.2623	0.2838	0.1099	0.3660	0.4913	0.2827	0.2807	0.3484	0.2919	0.3782	0.0950	0.0000	0.3844	0.4883	0.4886	0.1068	0.3610	0.2319	0.2411	0.2922	0.0992	0.0878	0.4969	0.1025	0.3690	0.0954	0.1729	0.3666	0.2925	0.5093	0.3643	0.2865	0.2937	0.1031	0.2257	0.3804	0.0877	0.3476	0.4933	0.4326	0.5057	0.3549	0.0850	0.3664	0.5135	0.5010	0.1053	0.2466	0.3589	0.2798	0.4990
0.3462	0.3742	0.1675	0.3809	0.4133	0.3495	0.3800	0.1638	0.3241	0.4979	0.5011	0.3989	0.1668	0.3277	0.5096	0.4912	0.1770	0.5101	0.1749	0.3689	0.3844	0.0000	0.3284	0.3574	0.3899	0.1370	0.3774	0.3722	0.5208	0.3907	0.3873	0.3552	0.3894	0.1606	0.3751	0.3406	0.1333	0.4864	0.3539	0.1597	0.4969	0.4953	0.3987	0.3838	0.1600	0.3838	0.1464	0.3403	0.5644	0.3556	0.1403	0.3641	0.1503	0.3288	0.3472	0.3848	0.3996	0.1389	0.4928	0.3465
0.1670	0.5081	0.3548	0.2121	0.3866	0.1757	0.5068	0.3804	0.1454	0.3741	0.3713	0.5023	0.3811	0.1689	0.3529	0.3453	0.3641	0.3747	0.3648	0.4893	0.4883	0.3284	0.0000	0.1797	0.5159	0.3407	0.3688	0.3714	0.3751	0.5199	0.5016	0.1878	0.5080	0.3590	0.5000	0.5574	0.3447	0.3553	0.1707	0.3698	0.3494	0.3531	0.5108	0.3937	0.3567	0.5125	0.3621	0.1670	0.3188	0.1777	0.3346	0.4780	0.3519	0.1550	0.1573	0.5063	0.3811	0.3426	0.3556	0.1828
0.1656	0.5053	0.3910	0.1968	0.3668	0.1790	0.4979	0.3736	0.1703	0.3574	0.3542	0.5027	0.3868	0.1629	0.3430	0.3369	0.3745	0.3578	0.3799	0.4974	0.4886	0.3574	0.1797	0.0000	0.5075	0.3667	0.3755	0.3773	0.3448	0.5058	0.4964	0.1745	0.5047	0.3635	0.5021	0.5674	0.3602	0.3432	0.1720	0.3729	0.3463	0.3409	0.5026	0.3875	0.3547	0.4990	0.3722	0.1794	0.3023	0.1800	0.3507	0.4893	0.3759	0.1760	0.1672	0.5021	0.3738	0.3681	0.3523	0.1913
0.5005	0.0983	0.3917	0.4983	0.2541	0.4864	0.0961	0.3583	0.5054	0.2792	0.2970	0.1067	0.3519	0.4942	0.2903	0.2947	0.3496	0.2718	0.3628	0.1274	0.1068	0.3899	0.5159	0.5075	0.0000	0.3739	0.2500	0.2650	0.2902	0.0951	0.1073	0.5005	0.0956	0.3743	0.1094	0.1978	0.3594	0.3014	0.5005	0.3702	0.2943	0.3052	0.1144	0.2262	0.3922	0.0853	0.3636	0.5182	0.4348	0.5069	0.3742	0.1077	0.3717	0.5204	0.4995	0.1018	0.2299	0.3758	0.2944	0.4830
0.3509	0.3641	0.1891	0.4050	0.3898	0.3613	0.3664	0.1916	0.3312	0.4748	0.4840	0.3808	0.1814	0.3433	0.4782	0.4736	0.1864	0.4931	0.1827	0.3505	0.3610	0.1370	0.3407	0.3667	0.3739	0.0000	0.3613	0.3610	0.5042	0.3797	0.3688	0.3666	0.3757	0.1841	0.3526	0.3280	0.1530	0.4676	0.3670	0.1915	0.4737	0.4762	0.3798	0.3694	0.1803	0.3722	0.1637	0.3442	0.5381	0.3772	0.1481	0.3409	0.1553	0.3354	0.3542	0.3728	0.3972	0.1414	0.4670	0.3612
0.3982	0.2500	0.3783	0.3852	0.1726	0.3815	0.2417	0.3933	0.3696	0.2331	0.2250	0.2589	0.3865	0.3941	0.2321	0.2169	0.3765	0.2430	0.3889	0.2413	0.2319	0.3774	0.3688	0.3755	0.2500	0.3613	0.0000	0.1506	0.2492	0.2564	0.2365	0.4004	0.2579	0.3949	0.2330	0.2697	0.3848	0.2202	0.3940	0.3902	0.2186	0.2231	0.2532	0.1452	0.3958	0.2446	0.3764	0.3959	0.2731	0.3962	0.3645	0.2218	0.3792	0.3905	0.3934	0.2562	0.1441	0.3783	0.2188	0.3844
0.3949	0.2525	0.3979	0.3937	0.1700	0.3832	0.2572	0.3887	0.3702	0.2448	0.2500	0.2663	0.3882	0.3790	0.2409	0.2329	0.3900	0.2610	0.3794	0.2429	0.2411	0.3722	0.3714	0.3773	0.2650	0.3610	0.1506	0.0000	0.2627	0.2669	0.2277	0.4101	0.2543	0.3970	0.2337	0.2731	0.3909	0.2258	0.3826	0.3996	0.2271	0.2316	0.2592	0.1497	0.4023	0.2479	0.3917	0.3837	0.2636	0.3979	0.3726	0.2243	0.3758	0.3830	0.3986	0.2553	0.1611	0.3707	0.2206	0.3834
0.3536	0.3015	0.5248	0.3382	0.2489	0.3315	0.2856	0.4860	0.3829	0.1031	0.1110	0.2891	0.4880	0.3572	0.1048	0.0914	0.4811	0.0964	0.4854	0.3000	0.2922	0.5208	0.3751	0.3448	0.2902	0.5042	0.2492	0.2627	0.0000	0.2871	0.2841	0.3564	0.2781	0.4963	0.3079	0.4416	0.4942	0.1044	0.3399	0.4973	0.0989	0.1019	0.2984	0.2386	0.4829	0.2811	0.4776	0.3742	0.1774	0.3511	0.4989	0.3043	0.5100	0.3864	0.3491	0.2988	0.2088	0.5216	0.1012	0.3586
0.5043	0.1052	0.3920	0.4989	0.2631	0.4812	0.0865	0.3634	0.5149	0.2829	0.2942	0.0965	0.3561	0.4984	0.2927	0.2974	0.3471	0.2747	0.3743	0.1185	0.0992	0.3907	0.5199	0.5058	0.0951	0.3797	0.2564	0.2669	0.2871	0.0000	0.1029	0.4953	0.0935	0.3694	0.1113	0.1857	0.3660	0.3060	0.5089	0.3668	0.2967	0.3108	0.1209	0.2222	0.3835	0.0838	0.3543	0.5158	0.4426	0.5084	0.3729	0.1085	0.3834	0.5274	0.4979	0.0965	0.2371	0.3820	0.3053	0.5021
0.4896	0.0925	0.3958	0.4919	0.2617	0.4785	0.0911	0.3601	0.4974	0.2591	0.2737	0.1175	0.3648	0.4791	0.2809	0.2770	0.3568	0.2667	0.3668	0.0942	0.0878	0.3873	0.5016	0.4964	0.1073	0.3688	0.2365	0.2277	0.2841	0.1029	0.0000	0.4939	0.0889	0.3671	0.0874	0.1980	0.3664	0.2793	0.4898	0.3680	0.2693	0.2758	0.1065	0.2224	0.3878	0.0801	0.3630	0.5000	0.4177	0.4974	0.3574	0.0775	0.3722	0.4954	0.4954	0.0922	0.2433	0.3642	0.2665	0.4863
0.1520	0.4969	0.3759	0.1902	0.3972	0.1728	0.4887	0.3517	0.1833	0.3861	0.3725	0.4841	0.3713	0.1626	0.3511	0.3615	0.3590	0.3535	0.3485	0.5042	0.4969	0.3552	0.1878	0.1745	0.5005	0.3666	0.4004	0.4101	0.3564	0.4953	0.4939	0.0000	0.4876	0.3538	0.4990	0.5890	0.3291	0.3654	0.1576	0.3535	0.3565	0.3640	0.5058	0.3871	0.3352	0.4990	0.3488	0.1892	0.3279	0.1720	0.3486	0.5005	0.3617	0.1716	0.1544	0.4964	0.3680	0.3792	0.3747	0.1602
0.4884	0.1056	0.4016	0.4940	0.2834	0.4734	0.0902	0.3571	0.5037	0.2752	0.2850	0.1040	0.3639	0.4758	0.2832	0.2883	0.3475	0.2648	0.3594	0.1233	0.1025	0.3894	0.5080	0.5047	0.0956	0.3757	0.2579	0.2543	0.2781	0.0935	0.0889	0.4876	0.0000	0.3662	0.0941	0.2017	0.3677	0.2914	0.4845	0.3745	0.2891	0.2927	0.1189	0.2238	0.3931	0.0757	0.3662	0.5156	0.4314	0.4959	0.3784	0.0973	0.3800	0.5057	0.4901	0.0957	0.2404	0.3780	0.2890	0.4814
0.3493	0.3531	0.2033	0.3852	0.4189	0.3347	0.3544	0.1845	0.3560	0.4995	0.5154	0.3638	0.1651	0.3306	0.4989	0.5118	0.1660	0.4895	0.1837	0.3844	0.3690	0.1606	0.3590	0.3635	0.3743	0.1841	0.3949	0.3970	0.4963	0.3694	0.3671	0.3538	0.3662	0.0000	0.3644	0.3454	0.1415	0.5062	0.3560	0.1639	0.5036	0.5139	0.3695	0.3709	0.1648	0.3489	0.1428	0.3571	0.5770	0.3550	0.1684	0.3653	0.1663	0.3480	0.3399	0.3479	0.3956	0.1797	0.5077	0.3414
0.4909	0.0938	0.3851	0.5017	0.2478	0.4812	0.0973	0.3498	0.4974	0.2834	0.2823	0.1233	0.3522	0.4885	0.2820	0.2947	0.3470	0.2894	0.3573	0.1026	0.0954	0.3751	0.5000	0.5021	0.1094	0.3526	0.2330	0.2337	0.3079	0.1113	0.0874	0.4990	0.0941	0.3644	0.0000	0.1789	0.3659	0.2936	0.4995	0.3653	0.2981	0.2913	0.1121	0.2354	0.3849	0.0897	0.3607	0.4942	0.4246	0.5000	0.3654	0.0838	0.3529	0.5074	0.5042	0.1054	0.2455	0.3507	0.2820	0.4891
0.5984	0.1831	0.3217	0.5941	0.3018	0.5716	0.1901	0.3395	0.5641	0.4111	0.4108	0.2032	0.3248	0.5861	0.4237	0.4238	0.3134	0.4384	0.3457	0.1766	0.1729	0.3406	0.5574	0.5674	0.1978	0.3280	0.2697	0.2731	0.4416	0.1857	0.1980	0.5890	0.2017	0.3454	0.1789	0.0000	0.3533	0.4252	0.6057	0.3400	0.4355	0.4289	0.2025	0.2868	0.3525	0.1957	0.3328	0.5743	0.5273	0.5943	0.3280	0.1836	0.3366	0.5937	0.5868	0.1934	0.3087	0.3290	0.4251	0.5879
0.3200	0.3565	0.1738	0.3607	0.4117	0.3271	0.3501	0.1531	0.3326	0.4964	0.5021	0.3690	0.1611	0.3055	0.4859	0.4913	0.1440	0.4791	0.1437	0.3785	0.3666	0.1333	0.3447	0.3602	0.3594	0.1530	0.3848	0.3909	0.4942	0.3660	0.3664	0.3291	0.3677	0.1415	0.3659	0.3533	0.0000	0.4933	0.3335	0.1412	0.4894	0.5082	0.3686	0.3547	0.1329	0.3597	0.1145	0.3388	0.5729	0.3316	0.1283	0.3665	0.1265	0.3260	0.3171	0.3537	0.3850	0.1509	0.4959	0.3216
0.3509	0.3113	0.5005	0.3540	0.2334	0.3572	0.3049	0.4825	0.3591	0.0873	0.0906	0.3001	0.5032	0.3735	0.0943	0.0710	0.4942	0.1019	0.4847	0.2743	0.2925	0.4864	0.3553	0.3432	0.3014	0.4676	0.2202	0.2258	0.1044	0.3060	0.2793	0.3654	0.2914	0.5062	0.2936	0.4252	0.4933	0.0000	0.3513	0.5074	0.0779	0.0747	0.3094	0.2297	0.4974	0.3007	0.4948	0.3565	0.1672	0.3589	0.4777	0.2737	0.4938	0.3706	0.3627	0.3126	0.2146	0.4788	0.0651	0.3619
0.1139	0.4906	0.3905	0.1668	0.3658	0.1404	0.5000	0.3534	0.1540	0.3681	0.3708	0.4841	0.3782	0.1198	0.3481	0.3556	0.3640	0.3434	0.3356	0.5063	0.5093	0.3539	0.1707	0.1720	0.5005	0.3670	0.3940	0.3826	0.3399	0.5089	0.4898	0.1576	0.4845	0.3560	0.4995	0.6057	0.3335	0.3513	0.0000	0.3513	0.3521	0.3457	0.5005	0.3682	0.3390	0.4949	0.3513	0.1662	0.3100	0.1341	0.3390	0.5000	0.3569	0.1379	0.1256	0.4964	0.3669	0.3703	0.3485	0.1390
0.3396	0.3512	0.2005	0.3747	0.4170	0.3499	0.3500	0.1669	0.3602	0.4952	0.5182	0.3543	0.1676	0.3274	0.4979	0.5114	0.1654	0.4813	0.1661	0.3837	0.3643	0.1597	0.3698	0.3729	0.3702	0.1915	0.3902	0.3996	0.4973	0.3668	0.3680	0.3535	0.3745	0.1639	0.3653	0.3400	0.1412	0.5074	0.3513	0.0000	0.5078	0.5162	0.3681	0.3640	0.1435	0.3553	0.1385	0.3569	0.5784	0.3464	0.1555	0.3704	0.1594	0.3556	0.3396	0.3589	0.3917	0.1790	0.5104	0.3434
0.3532	0.3083	0.4953	0.3449	0.2420	0.3493	0.2901	0.4935	0.3468	0.0852	0.0976	0.2895	0.5037	0.3651	0.0886	0.0710	0.4984	0.0903	0.4927	0.2804	0.2865	0.4969	0.3494	0.3463	0.2943	0.4737	0.2186	0.2271	0.0989	0.2967	0.2693	0.3565	0.2891	0.5036	0.2981	0.4355	0.4894	0.0779	0.3521	0.5078	0.0000	0.0834	0.2984	0.2251	0.4979	0.2942	0.4856	0.3587	0.1701	0.3522	0.4713	0.2726	0.4872	0.3642	0.3538	0.3051	0.2136	0.4918	0.0678	0.3566
0.3456	0.3087	0.5073	0.3487	0.2297	0.3472	0.3087	0.4869	0.3476	0.0964	0.0938	0.3002	0.5121	0.3639	0.1015	0.0734	0.5084	0.1114	0.4937	0.2743	0.2937	0.4953	0.3531	0.3409	0.3052	0.4762	0.2231	0.2316	0.1019	0.3108	0.2758	0.3640	0.2927	0.5139	0.2913	0.4289	0.5082	0.0747	0.3457	0.5162	0.0834	0.0000	0.3056	0.2443	0.5078	0.2988	0.5104	0.3523	0.1595	0.3530	0.4861	0.2765	0.5000	0.3599	0.3568	0.3179	0.2278	0.4867	0.0676	0.3549
0.5011	0.1149	0.4031	0.5006	0.2749	0.4773	0.1033	0.3574	0.5037	0.2837	0.3124	0.1260	0.3541	0.4769	0.2947	0.3114	0.3660	0.2846	0.3707	0.1215	0.1031	0.3987	0.5108	0.5026	0.1144	0.3798	0.2532	0.2592	0.2984	0.1209	0.1065	0.5058	0.1189	0.3695	0.1121	0.2025	0.3686	0.3094	0.5005	0.3681	0.2984	0.3056	0.0000	0.2268	0.3866	0.0950	0.3590	0.5058	0.4293	0.4984	0.3711	0.1068	0.3696	0.5175	0.5048	0.1061	0.2587	0.3885	0.2925	0.4864
0.3753	0.2219	0.3966	0.3788	0.1765	0.3721	0.2230	0.3563	0.3922	0.2497	0.2524	0.2313	0.3602	0.3703	0.2386	0.2379	0.3506	0.2192	0.3604	0.2398	0.2257	0.3838	0.3937	0.3875	0.2262	0.3694	0.1452	0.1497	0.2386	0.2222	0.2224	0.3871	0.2238	0.3709	0.2354	0.2868	0.3547	0.2297	0.3682	0.3640	0.2251	0.2443	0.2268	0.0000	0.3710	0.2108	0.3557	0.3874	0.2864	0.3744	0.3640	0.2301	0.3649	0.3989	0.3767	0.2207	0.1210	0.3890	0.2295	0.3637
0.3362	0.3700	0.1903	0.3618	0.4094	0.3319	0.3672	0.1698	0.3473	0.5016	0.5080	0.3796	0.1699	0.3197	0.4893	0.4953	0.1541	0.4818	0.1608	0.3982	0.3804	0.1600	0.3567	0.3547	0.3922	0.1803	0.3958	0.4023	0.4829	0.3835	0.3878	0.3352	0.3931	0.1648	0.3849	0.3525	0.1329	0.4974	0.3390	0.1435	0.4979	0.5078	0.3866	0.3710	0.0000	0.3777	0.1354	0.3544	0.5771	0.3373	0.1531	0.3938	0.1532	0.3353	0.3274	0.3806	0.3899	0.1741	0.5036	0.3439
0.4881	0.0859	0.3991	0.4978	0.2592	0.4651	0.0679	0.3535	0.5108	0.2719	0.2880	0.1048	0.3352	0.4727	0.2844	0.2964	0.3289	0.2698	0.3570	0.1045	0.0877	0.3838	0.5125	0.4990	0.0853	0.3722	0.2446	0.2479	0.2811	0.0838	0.0801	0.4990	0.0757	0.3489	0.0897	0.1957	0.3597	0.3007	0.4949	0.3553	0.2942	0.2988	0.0950	0.2108	0.3777	0.0000	0.3499	0.5056	0.4297	0.5005	0.3742	0.0821	0.3754	0.5102	0.4944	0.0776	0.2314	0.3713	0.2920	0.4803
0.3422	0.3434	0.1816	0.3788	0.4065	0.3413	0.3411	0.1586	0.3514	0.4874	0.5027	0.3597	0.1590	0.3282	0.4872	0.4969	0.1409	0.4851	0.1502	0.3683	0.3476	0.1464	0.3621	0.3722	0.3636	0.1637	0.3764	0.3917	0.4776	0.3543	0.3630	0.3488	0.3662	0.1428	0.3607	0.3328	0.1145	0.4948	0.3513	0.1385	0.4856	0.5104	0.3590	0.3557	0.1354	0.3499	0.0000	0.3640	0.5789	0.3440	0.1301	0.3595	0.1387	0.3482	0.3344	0.3561	0.3704	0.1581	0.4995	0.3506
0.1477	0.5084	0.3762	0.2005	0.3682	0.1607	0.5082	0.3749	0.1599	0.3791	0.3839	0.5066	0.3770	0.1608	0.3577	0.3638	0.3691	0.3680	0.3582	0.4906	0.4933	0.3403	0.1670	0.1794	0.5182	0.3442	0.3959	0.3837	0.3742	0.5158	0.5000	0.1892	0.5156	0.3571	0.4942	0.5743	0.3388	0.3565	0.1662	0.3569	0.3587	0.3523	0.5058	0.3874	0.3544	0.5056	0.3640	0.0000	0.3205	0.1770	0.3378	0.4903	0.3584	0.1670	0.1698	0.5072	0.4057	0.3539	0.3585	0.1730
0.3161	0.4363	0.5818	0.3064	0.2516	0.3166	0.4341	0.5595	0.3169	0.1807	0.1762	0.4291	0.5741	0.3286	0.1774	0.1723	0.5747	0.1792	0.5605	0.4090	0.4326	0.5644	0.3188	0.3023	0.4348	0.5381	0.2731	0.2636	0.1774	0.4426	0.4177	0.3279	0.4314	0.5770	0.4246	0.5273	0.5729	0.1672	0.3100	0.5784	0.1701	0.1595	0.4293	0.2864	0.5771	0.4297	0.5789	0.3205	0.0000	0.3103	0.5590	0.4147	0.5740	0.3273	0.3282	0.4372	0.2644	0.5709	0.1621	0.3148
0.1303	0.4974	0.3873	0.1748	0.3879	0.1672	0.5056	0.3605	0.1681	0.3716	0.3816	0.4912	0.3775	0.1438	0.3490	0.3623	0.3704	0.3537	0.3375	0.5021	0.5057	0.3556	0.1777	0.1800	0.5069	0.3772	0.3962	0.3979	0.3511	0.5084	0.4974	0.1720	0.4959	0.3550	0.5000	0.5943	0.3316	0.3589	0.1341	0.3464	0.3522	0.3530	0.4984	0.3744	0.3373	0.5005	0.3440	0.1770	0.3103	0.0000	0.3431	0.5031	0.3559	0.1730	0.1431	0.5031	0.3746	0.3735	0.3642	0.1492
0.3340	0.3577	0.1767	0.3668	0.4018	0.3300	0.3655	0.1670	0.3199	0.4843	0.4873	0.3589	0.1762	0.3248	0.4724	0.4820	0.1684	0.4837	0.1589	0.3685	0.3549	0.1403	0.3346	0.3507	0.3742	0.1481	0.3645	0.3726	0.4989	0.3729	0.3574	0.3486	0.3784	0.1684	0.3654	0.3280	0.1283	0.4777	0.3390	0.1555	0.4713	0.4861	0.3711	0.3640	0.1531	0.3742	0.1301	0.3378	0.5590	0.3431	0.0000	0.3509	0.1415	0.3112	0.3313	0.3709	0.3877	0.1525	0.4800	0.3369
0.4901	0.0966	0.3814	0.5043	0.2532	0.4796	0.0899	0.3639	0.4736	0.2616	0.2728	0.1158	0.3546	0.4868	0.2859	0.2712	0.3589	0.2832	0.3626	0.0884	0.0850	0.3641	0.4780	0.4893	0.1077	0.3409	0.2218	0.2243	0.3043	0.1085	0.0775	0.5005	0.0973	0.3653	0.0838	0.1836	0.3665	0.2737	0.5000	0.3704	0.2726	0.2765	0.1068	0.2301	0.3938	0.0821	0.3595	0.4903	0.4147	0.5031	0.3509	0.0000	0.3579	0.4882	0.5046	0.0993	0.2441	0.3437	0.2607	0.4817
0.3497	0.3617	0.1695	0.3915	0.3987	0.3558	0.3684	0.1661	0.3387	0.5057	0.5032	0.3772	0.1702	0.3396	0.4884	0.5000	0.1675	0.4974	0.1721	0.3728	0.3664	0.1503	0.3519	0.3759	0.3717	0.1553	0.3792	0.3758	0.5100	0.3834	0.3722	0.3617	0.3800	0.1663	0.3529	0.3366	0.1265	0.4938	0.3569	0.1594	0.4872	0.5000	0.3696	0.3649	0.1532	0.3754	0.1387	0.3584	0.5740	0.3559	0.1415	0.3579	0.0000	0.3429	0.3414	0.3724	0.3955	0.1481	0.4882	0.3567
0.1484	0.5116	0.3678	0.1736	0.3975	0.1623	0.5139	0.3562	0.1499	0.3857	0.3791	0.5072	0.3634	0.1368	0.3735	0.3704	0.3637	0.3782	0.3460	0.5063	0.5135	0.3288	0.1550	0.1760	0.5204	0.3354	0.3905	0.3830	0.3864	0.5274	0.4954	0.1716	0.5057	0.3480	0.5074	0.5937	0.3260	0.3706	0.1379	0.3556	0.3642	0.3599	0.5175	0.3989	0.3353	0.5102	0.3482	0.1670	0.3273	0.1730	0.3112	0.4882	0.3429	0.0000	0.1540	0.5072	0.4051	0.3351	0.3671	0.1610
0.1226	0.4958	0.3708	0.1661	0.3990	0.1507	0.4979	0.3468	0.1513	0.3782	0.3717	0.4929	0.3656	0.1359	0.3493	0.3532	0.3527	0.3567	0.3407	0.5089	0.5010	0.3472	0.1573	0.1672	0.4995	0.3542	0.3934	0.3986	0.3491	0.4979	0.4954	0.1544	0.4901	0.3399	0.5042	0.5868	0.3171	0.3627	0.1256	0.3396	0.3538	0.3568	0.5048	0.3767	0.3274	0.4944	0.3344	0.1698	0.3282	0.1431	0.3313	0.5046	0.3414	0.1540	0.0000	0.5010	0.3706	0.3552	0.3723	0.1483
0.5016	0.1017	0.3959	0.4984	0.2508	0.4700	0.0727	0.3514	0.5120	0.2807	0.3034	0.1220	0.3381	0.4755	0.2998	0.3081	0.3454	0.2821	0.3672	0.1131	0.1053	0.3848	0.5063	0.5021	0.1018	0.3728	0.2562	0.2553	0.2988	0.0965	0.0922	0.4964	0.0957	0.3479	0.1054	0.1934	0.3537	0.3126	0.4964	0.3589	0.3051	0.3179	0.1061	0.2207	0.3806	0.0776	0.3561	0.5072	0.4372	0.5031	0.3709	0.0993	0.3724	0.5072	0.5010	0.0000	0.2394	0.3722	0.3057	0.4872
0.3750	0.2284	0.4084	0.3698	0.1668	0.3607	0.2304	0.3927	0.3878	0.2359	0.2264	0.2393	0.3940	0.3813	0.2124	0.2139	0.3774	0.2071	0.3876	0.2610	0.2466	0.3996	0.3811	0.3738	0.2299	0.3972	0.1441	0.1611	0.2088	0.2371	0.2433	0.3680	0.2404	0.3956	0.2455	0.3087	0.3850	0.2146	0.3669	0.3917	0.2136	0.2278	0.2587	0.1210	0.3899	0.2314	0.3704	0.4057	0.2644	0.3746	0.3877	0.2441	0.3955	0.4051	0.3706	0.2394	0.0000	0.4186	0.2212	0.3673
0.3524	0.3633	0.1886	0.4017	0.3985	0.3654	0.3774	0.1824	0.3450	0.4917	0.4963	0.3854	0.1794	0.3376	0.5021	0.4908	0.1790	0.4968	0.1740	0.3538	0.3589	0.1389	0.3426	0.3681	0.3758	0.1414	0.3783	0.3707	0.5216	0.3820	0.3642	0.3792	0.3780	0.1797	0.3507	0.3290	0.1509	0.4788	0.3703	0.1790	0.4918	0.4867	0.3885	0.3890	0.1741	0.3713	0.1581	0.3539	0.5709	0.3735	0.1525	0.3437	0.1481	0.3351	0.3552	0.3722	0.4186	0.0000	0.4760	0.3671
0.3520	0.2971	0.4990	0.3620	0.2293	0.3628	0.2969	0.4805	0.3529	0.0815	0.0931	0.2891	0.5026	0.3648	0.0927	0.0665	0.4995	0.1046	0.4885	0.2630	0.2798	0.4928	0.3556	0.3523	0.2944	0.4670	0.2188	0.2206	0.1012	0.3053	0.2665	0.3747	0.2890	0.5077	0.2820	0.4251	0.4959	0.0651	0.3485	0.5104	0.0678	0.0676	0.2925	0.2295	0.5036	0.2920	0.4995	0.3585	0.1621	0.3642	0.4800	0.2607	0.4882	0.3671	0.3723	0.3057	0.2212	0.4760	0.0000	0.3585
0.1382	0.4833	0.3724	0.1602	0.3781	0.1577	0.4882	0.3413	0.1684	0.3721	0.3812	0.4771	0.3640	0.1450	0.3488	0.3664	0.3624	0.3447	0.3340	0.5042	0.4990	0.3465	0.1828	0.1913	0.4830	0.3612	0.3844	0.3834	0.3586	0.5021	0.4863	0.1602	0.4814	0.3414	0.4891	0.5879	0.3216	0.3619	0.1390	0.3434	0.3566	0.3549	0.4864	0.3637	0.3439	0.4803	0.3506	0.1730	0.3148	0.1492	0.3369	0.4817	0.3567	0.1610	0.1483	0.4872	0.3673	0.3671	0.3585	0.0000
