Sim1	Sim2	Sim3	Sim4	Sim5	Sim6	Sim7	Sim8	Sim9	Sim10	Sim11	Sim12	Sim13	Sim14	Sim15	Sim16	Sim17	Sim18	Sim19	Sim20	Sim21	Sim22	Sim23	Sim24	Sim25	Sim26	Sim27	Sim28	Sim29	Sim30	Sim31	Sim32	Sim33	Sim34	Sim35	Sim36	Sim37	Sim38	Sim39	Sim40	Sim41	Sim42	Sim43	Sim44	Sim45	Sim46	Sim47	Sim48	Sim49	Sim50	Sim51	Sim52	Sim53	Sim54	Sim55	Sim56	Sim57	Sim58	Sim59	Sim60
0.0000	0.5410	0.5169	0.5153	0.2830	0.2738	0.0465	0.2816	0.3407	0.2815	0.3642	0.0588	0.3330	0.5698	0.2723	0.2924	0.3435	0.3567	0.3530	0.5932	0.5717	0.0634	0.3787	0.2983	0.2747	0.5754	0.0634	0.3561	0.5670	0.2935	0.2982	0.3514	0.3525	0.4560	0.5769	0.3540	0.3545	0.2803	0.0411	0.3368	0.5780	0.0690	0.3368	0.5733	0.2920	0.5648	0.0584	0.3588	0.5643	0.2783	0.2670	0.0660	0.3493	0.5815	0.2914	0.2731	0.3345	0.3048	0.3517	0.0460
0.5410	0.0000	0.0566	0.0565	0.2880	0.3019	0.5438	0.2944	0.5593	0.3151	0.5240	0.5156	0.5576	0.3044	0.3001	0.2680	0.5447	0.5291	0.5110	0.2789	0.2667	0.5160	0.5098	0.2679	0.3080	0.2597	0.5099	0.5073	0.3031	0.2696	0.2793	0.5694	0.5223	0.3150	0.3144	0.5232	0.5367	0.2841	0.5403	0.5567	0.2700	0.5093	0.5607	0.2834	0.2866	0.2663	0.5118	0.5271	0.3074	0.3041	0.3127	0.5068	0.5343	0.2739	0.2863	0.2973	0.5220	0.2500	0.5215	0.5470
0.5169	0.0566	0.0000	0.0177	0.2753	0.2769	0.5195	0.2660	0.5267	0.2830	0.5563	0.5484	0.5308	0.2860	0.2842	0.2739	0.5359	0.5680	0.5521	0.3162	0.3118	0.5491	0.5439	0.2956	0.2800	0.2977	0.5433	0.5465	0.2742	0.2999	0.3071	0.5491	0.5598	0.2904	0.2828	0.5567	0.5168	0.2735	0.5196	0.5511	0.3082	0.5344	0.5342	0.3191	0.2699	0.2947	0.5388	0.5639	0.2827	0.2825	0.2798	0.5390	0.5661	0.3048	0.2661	0.2764	0.5591	0.2801	0.5633	0.5185
0.5153	0.0565	0.0177	0.0000	0.2682	0.2665	0.5102	0.2557	0.5222	0.2770	0.5610	0.5456	0.5274	0.2852	0.2748	0.2730	0.5374	0.5595	0.5469	0.3241	0.3118	0.5422	0.5350	0.2979	0.2724	0.3056	0.5388	0.5476	0.2726	0.3018	0.3017	0.5429	0.5549	0.2867	0.2873	0.5562	0.5164	0.2658	0.5181	0.5491	0.3102	0.5349	0.5280	0.3239	0.2689	0.2986	0.5336	0.5668	0.2796	0.2790	0.2755	0.5422	0.5637	0.3051	0.2636	0.2744	0.5583	0.2770	0.5639	0.5135
0.2830	0.2880	0.2753	0.2682	0.0000	0.1154	0.2910	0.1218	0.3923	0.1356	0.4173	0.2984	0.3970	0.3806	0.0980	0.1223	0.3974	0.4120	0.3984	0.4095	0.3691	0.3003	0.4095	0.1282	0.1808	0.3854	0.2998	0.3957	0.3760	0.1345	0.1510	0.3999	0.4192	0.2845	0.3790	0.3959	0.3766	0.1060	0.2916	0.4166	0.3737	0.2997	0.3840	0.3929	0.1903	0.3669	0.2919	0.4155	0.3649	0.1435	0.1246	0.3005	0.4038	0.3716	0.1117	0.1083	0.3952	0.1440	0.4044	0.2953
0.2738	0.3019	0.2769	0.2665	0.1154	0.0000	0.2848	0.1331	0.3997	0.1417	0.4342	0.2999	0.3937	0.3894	0.1174	0.1513	0.4055	0.4211	0.4143	0.4225	0.3894	0.3007	0.4220	0.1479	0.1929	0.3957	0.2979	0.4153	0.3845	0.1601	0.1656	0.3980	0.4374	0.2811	0.3887	0.4217	0.3943	0.1210	0.2806	0.4084	0.3972	0.3074	0.3978	0.4148	0.2028	0.3795	0.2999	0.4299	0.3736	0.1357	0.1355	0.3071	0.4288	0.3940	0.1385	0.1154	0.4165	0.1686	0.4188	0.2841
0.0465	0.5438	0.5195	0.5102	0.2910	0.2848	0.0000	0.2889	0.3485	0.2709	0.3667	0.0710	0.3460	0.5792	0.2779	0.3047	0.3520	0.3640	0.3527	0.5919	0.5746	0.0725	0.3719	0.2986	0.2697	0.5749	0.0743	0.3664	0.5722	0.2932	0.2963	0.3559	0.3521	0.4619	0.5847	0.3568	0.3575	0.2874	0.0562	0.3393	0.5869	0.0678	0.3394	0.5746	0.3086	0.5701	0.0594	0.3607	0.5747	0.2818	0.2731	0.0736	0.3543	0.5793	0.2981	0.2871	0.3362	0.3038	0.3569	0.0563
0.2816	0.2944	0.2660	0.2557	0.1218	0.1331	0.2889	0.0000	0.3984	0.1485	0.4417	0.3026	0.4060	0.3816	0.1313	0.1480	0.4127	0.4341	0.4227	0.4206	0.3883	0.3040	0.4319	0.1640	0.2048	0.3992	0.2976	0.4175	0.3835	0.1682	0.1792	0.4091	0.4400	0.2962	0.3930	0.4185	0.3976	0.1332	0.2845	0.4224	0.4001	0.3066	0.4042	0.4126	0.2061	0.3899	0.2991	0.4241	0.3706	0.1538	0.1528	0.3053	0.4342	0.3904	0.1463	0.1294	0.4262	0.1796	0.4219	0.2948
0.3407	0.5593	0.5267	0.5222	0.3923	0.3997	0.3485	0.3984	0.0000	0.3955	0.2331	0.3749	0.1711	0.3578	0.3922	0.4097	0.2117	0.2062	0.2002	0.3762	0.3682	0.3713	0.2074	0.4307	0.3573	0.3801	0.3714	0.1976	0.3723	0.4302	0.4268	0.1802	0.2299	0.3729	0.3734	0.1798	0.1821	0.3976	0.3398	0.1900	0.3782	0.3702	0.1959	0.3791	0.3685	0.3821	0.3626	0.2207	0.3431	0.4077	0.3985	0.3662	0.2126	0.3670	0.4049	0.3974	0.2014	0.4381	0.2053	0.3404
0.2815	0.3151	0.2830	0.2770	0.1356	0.1417	0.2709	0.1485	0.3955	0.0000	0.4339	0.2976	0.4030	0.4006	0.1473	0.1584	0.4028	0.4312	0.4112	0.4236	0.3969	0.2987	0.4222	0.1549	0.1955	0.4085	0.2969	0.4167	0.3889	0.1720	0.1771	0.3998	0.4214	0.3024	0.3982	0.4183	0.4010	0.1500	0.2723	0.4123	0.4075	0.2963	0.3889	0.4228	0.2060	0.3906	0.2904	0.4205	0.3805	0.1541	0.1482	0.3052	0.4198	0.4028	0.1535	0.1470	0.4111	0.1683	0.4202	0.2763
0.3642	0.5240	0.5563	0.5610	0.4173	0.4342	0.3667	0.4417	0.2331	0.4339	0.0000	0.3403	0.2215	0.3825	0.4257	0.4084	0.2282	0.1921	0.1738	0.3521	0.3345	0.3407	0.1889	0.4044	0.3868	0.3526	0.3447	0.1668	0.4019	0.3970	0.4127	0.2076	0.2050	0.4086	0.3945	0.1763	0.2140	0.4147	0.3693	0.2035	0.3436	0.3414	0.2191	0.3468	0.3986	0.3452	0.3406	0.1830	0.3726	0.4335	0.4413	0.3451	0.1893	0.3400	0.4368	0.4272	0.1924	0.3988	0.1753	0.3671
0.0588	0.5156	0.5484	0.5456	0.2984	0.2999	0.0710	0.3026	0.3749	0.2976	0.3403	0.0000	0.3699	0.6051	0.2883	0.2933	0.3607	0.3403	0.3315	0.5767	0.5550	0.0360	0.3579	0.2726	0.2942	0.5630	0.0347	0.3390	0.6105	0.2691	0.2728	0.3688	0.3317	0.4900	0.6214	0.3402	0.3842	0.2914	0.0643	0.3550	0.5697	0.0394	0.3616	0.5591	0.3152	0.5576	0.0384	0.3428	0.6026	0.2854	0.2905	0.0421	0.3341	0.5686	0.3134	0.3036	0.3122	0.2787	0.3352	0.0756
0.3330	0.5576	0.5308	0.5274	0.3970	0.3937	0.3460	0.4060	0.1711	0.4030	0.2215	0.3699	0.0000	0.3532	0.3899	0.4129	0.2011	0.2036	0.2040	0.3823	0.3702	0.3688	0.1991	0.4331	0.3671	0.3782	0.3639	0.1928	0.3588	0.4398	0.4495	0.1599	0.2328	0.3760	0.3569	0.1915	0.1737	0.3990	0.3284	0.1851	0.3734	0.3692	0.1872	0.3827	0.3633	0.3836	0.3677	0.2143	0.3453	0.4058	0.4018	0.3650	0.2086	0.3679	0.4124	0.4019	0.2018	0.4440	0.1931	0.3330
0.5698	0.3044	0.2860	0.2852	0.3806	0.3894	0.5792	0.3816	0.3578	0.4006	0.3825	0.6051	0.3532	0.0000	0.3757	0.3923	0.3694	0.3663	0.3642	0.1837	0.1662	0.6001	0.3521	0.4083	0.3855	0.1800	0.5938	0.3491	0.1779	0.4132	0.4140	0.3561	0.3790	0.2593	0.1699	0.3635	0.3395	0.3764	0.5755	0.3658	0.1751	0.5909	0.3718	0.2029	0.3702	0.1793	0.5923	0.3828	0.1465	0.4036	0.3917	0.5855	0.3701	0.1596	0.3706	0.3843	0.3795	0.3978	0.3662	0.5752
0.2723	0.3001	0.2842	0.2748	0.0980	0.1174	0.2779	0.1313	0.3922	0.1473	0.4257	0.2883	0.3899	0.3757	0.0000	0.1345	0.4060	0.4242	0.4017	0.4171	0.3791	0.2943	0.4221	0.1450	0.1825	0.3856	0.2864	0.3973	0.3880	0.1449	0.1643	0.3978	0.4203	0.2811	0.3849	0.4041	0.3789	0.1075	0.2681	0.4224	0.3871	0.2918	0.4037	0.4122	0.1859	0.3855	0.2891	0.4199	0.3691	0.1360	0.1373	0.2920	0.4124	0.3889	0.1234	0.1144	0.3951	0.1573	0.4037	0.2793
0.2924	0.2680	0.2739	0.2730	0.1223	0.1513	0.3047	0.1480	0.4097	0.1584	0.4084	0.2933	0.4129	0.3923	0.1345	0.0000	0.4074	0.4106	0.3952	0.3865	0.3675	0.2950	0.4066	0.1314	0.2134	0.3717	0.2932	0.3927	0.3915	0.1395	0.1656	0.4154	0.4165	0.2933	0.3944	0.3962	0.4020	0.1310	0.2985	0.4217	0.3700	0.2987	0.4075	0.3817	0.1973	0.3603	0.2966	0.3992	0.3726	0.1591	0.1576	0.2979	0.4071	0.3729	0.1378	0.1353	0.3911	0.1625	0.3973	0.3105
0.3435	0.5447	0.5359	0.5374	0.3974	0.4055	0.3520	0.4127	0.2117	0.4028	0.2282	0.3607	0.2011	0.3694	0.4060	0.4074	0.0000	0.2081	0.2029	0.3745	0.3669	0.3615	0.2150	0.4216	0.3721	0.3814	0.3550	0.1990	0.3891	0.4284	0.4213	0.1896	0.2232	0.3788	0.3811	0.2051	0.2100	0.4091	0.3497	0.2112	0.3633	0.3613	0.2006	0.3834	0.3833	0.3842	0.3560	0.2095	0.3665	0.4236	0.4126	0.3577	0.2200	0.3689	0.4196	0.4082	0.2106	0.4319	0.2037	0.3402
0.3567	0.5291	0.5680	0.5595	0.4120	0.4211	0.3640	0.4341	0.2062	0.4312	0.1921	0.3403	0.2036	0.3663	0.4242	0.4106	0.2081	0.0000	0.1539	0.3428	0.3275	0.3332	0.1521	0.4134	0.3744	0.3497	0.3390	0.1484	0.4042	0.4079	0.4152	0.1797	0.1881	0.4062	0.3951	0.1466	0.1956	0.4217	0.3684	0.1919	0.3336	0.3415	0.2142	0.3494	0.3989	0.3399	0.3350	0.1709	0.3642	0.4321	0.4381	0.3370	0.1662	0.3303	0.4393	0.4329	0.1550	0.4124	0.1538	0.3658
0.3530	0.5110	0.5521	0.5469	0.3984	0.4143	0.3527	0.4227	0.2002	0.4112	0.1738	0.3315	0.2040	0.3642	0.4017	0.3952	0.2029	0.1539	0.0000	0.3289	0.3122	0.3300	0.1566	0.3876	0.3634	0.3284	0.3343	0.1430	0.3839	0.3948	0.3942	0.1728	0.1746	0.3837	0.3879	0.1365	0.1901	0.4007	0.3557	0.1807	0.3208	0.3324	0.2096	0.3320	0.3815	0.3294	0.3284	0.1688	0.3476	0.4186	0.4201	0.3355	0.1586	0.3155	0.4208	0.4084	0.1540	0.3937	0.1474	0.3566
0.5932	0.2789	0.3162	0.3241	0.4095	0.4225	0.5919	0.4206	0.3762	0.4236	0.3521	0.5767	0.3823	0.1837	0.4171	0.3865	0.3745	0.3428	0.3289	0.0000	0.1471	0.5775	0.3216	0.3843	0.4173	0.1553	0.5665	0.3215	0.2164	0.3915	0.4009	0.3711	0.3521	0.2944	0.2055	0.3258	0.3670	0.4157	0.5956	0.3492	0.1426	0.5629	0.3842	0.1692	0.4041	0.1567	0.5692	0.3471	0.1711	0.4188	0.4286	0.5670	0.3403	0.1298	0.4060	0.4103	0.3430	0.3888	0.3344	0.5894
0.5717	0.2667	0.3118	0.3118	0.3691	0.3894	0.5746	0.3883	0.3682	0.3969	0.3345	0.5550	0.3702	0.1662	0.3791	0.3675	0.3669	0.3275	0.3122	0.1471	0.0000	0.5538	0.3034	0.3591	0.3894	0.1286	0.5466	0.3090	0.2037	0.3625	0.3754	0.3564	0.3368	0.2632	0.1818	0.3175	0.3479	0.3785	0.5775	0.3471	0.1338	0.5563	0.3769	0.1617	0.3883	0.1322	0.5496	0.3417	0.1502	0.3959	0.4024	0.5495	0.3318	0.1113	0.3712	0.3835	0.3260	0.3614	0.3274	0.5779
0.0634	0.5160	0.5491	0.5422	0.3003	0.3007	0.0725	0.3040	0.3713	0.2987	0.3407	0.0360	0.3688	0.6001	0.2943	0.2950	0.3615	0.3332	0.3300	0.5775	0.5538	0.0000	0.3556	0.2747	0.2898	0.5617	0.0364	0.3415	0.6076	0.2706	0.2721	0.3699	0.3276	0.4886	0.6190	0.3363	0.3849	0.2958	0.0745	0.3531	0.5692	0.0454	0.3583	0.5582	0.3241	0.5505	0.0326	0.3417	0.5975	0.2966	0.2913	0.0455	0.3301	0.5643	0.3201	0.3103	0.3112	0.2831	0.3337	0.0810
0.3787	0.5098	0.5439	0.5350	0.4095	0.4220	0.3719	0.4319	0.2074	0.4222	0.1889	0.3579	0.1991	0.3521	0.4221	0.4066	0.2150	0.1521	0.1566	0.3216	0.3034	0.3556	0.0000	0.4002	0.3780	0.3354	0.3546	0.1562	0.3828	0.4012	0.4091	0.1746	0.2009	0.3991	0.3716	0.1414	0.1958	0.4178	0.3820	0.1890	0.3232	0.3559	0.2066	0.3269	0.3975	0.3314	0.3501	0.1730	0.3402	0.4282	0.4412	0.3556	0.1822	0.3037	0.4338	0.4246	0.1655	0.4113	0.1607	0.3788
0.2983	0.2679	0.2956	0.2979	0.1282	0.1479	0.2986	0.1640	0.4307	0.1549	0.4044	0.2726	0.4331	0.4083	0.1450	0.1314	0.4216	0.4134	0.3876	0.3843	0.3591	0.2747	0.4002	0.0000	0.2206	0.3625	0.2718	0.3839	0.4121	0.1305	0.1434	0.4363	0.4106	0.3128	0.4166	0.3907	0.4224	0.1325	0.3044	0.4224	0.3683	0.2692	0.4275	0.3762	0.2286	0.3545	0.2751	0.4014	0.3948	0.1527	0.1603	0.2777	0.4019	0.3614	0.1550	0.1402	0.3898	0.1430	0.3966	0.3069
0.2747	0.3080	0.2800	0.2724	0.1808	0.1929	0.2697	0.2048	0.3573	0.1955	0.3868	0.2942	0.3671	0.3855	0.1825	0.2134	0.3721	0.3744	0.3634	0.4173	0.3894	0.2898	0.3780	0.2206	0.0000	0.4009	0.2968	0.3672	0.3886	0.2312	0.2222	0.3715	0.3852	0.3221	0.4013	0.3717	0.3605	0.1862	0.2812	0.3739	0.4082	0.2904	0.3615	0.4126	0.1767	0.3932	0.2823	0.3883	0.3788	0.2200	0.2169	0.2927	0.3868	0.3939	0.2007	0.2006	0.3757	0.2240	0.3773	0.2765
0.5754	0.2597	0.2977	0.3056	0.3854	0.3957	0.5749	0.3992	0.3801	0.4085	0.3526	0.5630	0.3782	0.1800	0.3856	0.3717	0.3814	0.3497	0.3284	0.1553	0.1286	0.5617	0.3354	0.3625	0.4009	0.0000	0.5551	0.3305	0.1999	0.3697	0.3805	0.3738	0.3617	0.2722	0.1932	0.3380	0.3711	0.3900	0.5795	0.3655	0.1428	0.5510	0.3858	0.1760	0.3840	0.1480	0.5541	0.3612	0.1719	0.3997	0.4129	0.5501	0.3486	0.1315	0.3798	0.3857	0.3453	0.3542	0.3387	0.5774
0.0634	0.5099	0.5433	0.5388	0.2998	0.2979	0.0743	0.2976	0.3714	0.2969	0.3447	0.0347	0.3639	0.5938	0.2864	0.2932	0.3550	0.3390	0.3343	0.5665	0.5466	0.0364	0.3546	0.2718	0.2968	0.5551	0.0000	0.3362	0.5997	0.2648	0.2719	0.3691	0.3319	0.4810	0.6133	0.3355	0.3807	0.2947	0.0690	0.3540	0.5614	0.0388	0.3608	0.5487	0.3162	0.5445	0.0381	0.3328	0.5927	0.2896	0.2905	0.0427	0.3298	0.5588	0.3135	0.3049	0.3135	0.2765	0.3290	0.0767
0.3561	0.5073	0.5465	0.5476	0.3957	0.4153	0.3664	0.4175	0.1976	0.4167	0.1668	0.3390	0.1928	0.3491	0.3973	0.3927	0.1990	0.1484	0.1430	0.3215	0.3090	0.3415	0.1562	0.3839	0.3672	0.3305	0.3362	0.0000	0.3857	0.3897	0.3953	0.1594	0.1719	0.3830	0.3738	0.1345	0.1847	0.4025	0.3603	0.1762	0.3163	0.3425	0.1912	0.3274	0.3759	0.3261	0.3397	0.1490	0.3486	0.4142	0.4188	0.3384	0.1629	0.3121	0.4234	0.4060	0.1350	0.3941	0.1406	0.3658
0.5670	0.3031	0.2742	0.2726	0.3760	0.3845	0.5722	0.3835	0.3723	0.3889	0.4019	0.6105	0.3588	0.1779	0.3880	0.3915	0.3891	0.4042	0.3839	0.2164	0.2037	0.6076	0.3828	0.4121	0.3886	0.1999	0.5997	0.3857	0.0000	0.4268	0.4302	0.3630	0.4029	0.2624	0.1881	0.3866	0.3538	0.3864	0.5703	0.3688	0.2001	0.5983	0.3731	0.2219	0.3844	0.1995	0.5953	0.4062	0.1665	0.3981	0.4004	0.5954	0.4035	0.1913	0.3743	0.3789	0.4000	0.4020	0.4038	0.5666
0.2935	0.2696	0.2999	0.3018	0.1345	0.1601	0.2932	0.1682	0.4302	0.1720	0.3970	0.2691	0.4398	0.4132	0.1449	0.1395	0.4284	0.4079	0.3948	0.3915	0.3625	0.2706	0.4012	0.1305	0.2312	0.3697	0.2648	0.3897	0.4268	0.0000	0.1590	0.4319	0.4101	0.3203	0.4221	0.3916	0.4168	0.1389	0.3026	0.4282	0.3688	0.2709	0.4270	0.3803	0.2233	0.3601	0.2683	0.4020	0.4046	0.1627	0.1787	0.2714	0.4034	0.3655	0.1641	0.1474	0.3846	0.1350	0.3940	0.3090
0.2982	0.2793	0.3071	0.3017	0.1510	0.1656	0.2963	0.1792	0.4268	0.1771	0.4127	0.2728	0.4495	0.4140	0.1643	0.1656	0.4213	0.4152	0.3942	0.4009	0.3754	0.2721	0.4091	0.1434	0.2222	0.3805	0.2719	0.3953	0.4302	0.1590	0.0000	0.4449	0.4132	0.3272	0.4369	0.3968	0.4306	0.1569	0.3049	0.4350	0.3883	0.2691	0.4270	0.4018	0.2367	0.3752	0.2634	0.4067	0.4121	0.1817	0.1882	0.2798	0.4107	0.3792	0.1829	0.1660	0.3996	0.1526	0.4003	0.3026
0.3514	0.5694	0.5491	0.5429	0.3999	0.3980	0.3559	0.4091	0.1802	0.3998	0.2076	0.3688	0.1599	0.3561	0.3978	0.4154	0.1896	0.1797	0.1728	0.3711	0.3564	0.3699	0.1746	0.4363	0.3715	0.3738	0.3691	0.1594	0.3630	0.4319	0.4449	0.0000	0.1912	0.3645	0.3569	0.1626	0.1554	0.4090	0.3431	0.1729	0.3511	0.3721	0.1709	0.3690	0.3737	0.3709	0.3693	0.1866	0.3357	0.4059	0.4103	0.3759	0.1773	0.3587	0.4225	0.4074	0.1636	0.4307	0.1614	0.3486
0.3525	0.5223	0.5598	0.5549	0.4192	0.4374	0.3521	0.4400	0.2299	0.4214	0.2050	0.3317	0.2328	0.3790	0.4203	0.4165	0.2232	0.1881	0.1746	0.3521	0.3368	0.3276	0.2009	0.4106	0.3852	0.3617	0.3319	0.1719	0.4029	0.4101	0.4132	0.1912	0.0000	0.4037	0.4129	0.1678	0.2207	0.4226	0.3552	0.2066	0.3455	0.3356	0.2291	0.3550	0.3991	0.3470	0.3233	0.1931	0.3806	0.4226	0.4236	0.3394	0.1774	0.3407	0.4444	0.4302	0.1682	0.4059	0.1833	0.3598
0.4560	0.3150	0.2904	0.2867	0.2845	0.2811	0.4619	0.2962	0.3729	0.3024	0.4086	0.4900	0.3760	0.2593	0.2811	0.2933	0.3788	0.4062	0.3837	0.2944	0.2632	0.4886	0.3991	0.3128	0.3221	0.2722	0.4810	0.3830	0.2624	0.3203	0.3272	0.3645	0.4037	0.0000	0.2606	0.3837	0.3658	0.2850	0.4554	0.3858	0.2654	0.4838	0.3902	0.2977	0.3154	0.2627	0.4860	0.3985	0.2441	0.2935	0.2985	0.4852	0.4054	0.2645	0.2892	0.2733	0.3994	0.3185	0.3849	0.4564
0.5769	0.3144	0.2828	0.2873	0.3790	0.3887	0.5847	0.3930	0.3734	0.3982	0.3945	0.6214	0.3569	0.1699	0.3849	0.3944	0.3811	0.3951	0.3879	0.2055	0.1818	0.6190	0.3716	0.4166	0.4013	0.1932	0.6133	0.3738	0.1881	0.4221	0.4369	0.3569	0.4129	0.2606	0.0000	0.3837	0.3453	0.3890	0.5787	0.3791	0.1714	0.6102	0.3802	0.2091	0.3887	0.1825	0.6148	0.3966	0.1401	0.4062	0.4010	0.6116	0.3947	0.1678	0.3754	0.3874	0.3953	0.4237	0.3910	0.5751
0.3540	0.5232	0.5567	0.5562	0.3959	0.4217	0.3568	0.4185	0.1798	0.4183	0.1763	0.3402	0.1915	0.3635	0.4041	0.3962	0.2051	0.1466	0.1365	0.3258	0.3175	0.3363	0.1414	0.3907	0.3717	0.3380	0.3355	0.1345	0.3866	0.3916	0.3968	0.1626	0.1678	0.3837	0.3837	0.0000	0.1749	0.4100	0.3654	0.1718	0.3232	0.3378	0.1906	0.3385	0.3839	0.3280	0.3290	0.1683	0.3479	0.4191	0.4282	0.3335	0.1549	0.3118	0.4244	0.4105	0.1520	0.3932	0.1409	0.3594
0.3545	0.5367	0.5168	0.5164	0.3766	0.3943	0.3575	0.3976	0.1821	0.4010	0.2140	0.3842	0.1737	0.3395	0.3789	0.4020	0.2100	0.1956	0.1901	0.3670	0.3479	0.3849	0.1958	0.4224	0.3605	0.3711	0.3807	0.1847	0.3538	0.4168	0.4306	0.1554	0.2207	0.3658	0.3453	0.1749	0.0000	0.3922	0.3526	0.1970	0.3471	0.3779	0.1910	0.3612	0.3591	0.3664	0.3781	0.2007	0.3374	0.4095	0.4004	0.3751	0.2019	0.3512	0.3891	0.3957	0.1989	0.4304	0.1931	0.3564
0.2803	0.2841	0.2735	0.2658	0.1060	0.1210	0.2874	0.1332	0.3976	0.1500	0.4147	0.2914	0.3990	0.3764	0.1075	0.1310	0.4091	0.4217	0.4007	0.4157	0.3785	0.2958	0.4178	0.1325	0.1862	0.3900	0.2947	0.4025	0.3864	0.1389	0.1569	0.4090	0.4226	0.2850	0.3890	0.4100	0.3922	0.0000	0.2814	0.4019	0.3805	0.2964	0.4080	0.3974	0.1844	0.3714	0.2915	0.4142	0.3760	0.1404	0.1454	0.2972	0.4154	0.3769	0.1296	0.1147	0.4031	0.1515	0.4036	0.2914
0.0411	0.5403	0.5196	0.5181	0.2916	0.2806	0.0562	0.2845	0.3398	0.2723	0.3693	0.0643	0.3284	0.5755	0.2681	0.2985	0.3497	0.3684	0.3557	0.5956	0.5775	0.0745	0.3820	0.3044	0.2812	0.5795	0.0690	0.3603	0.5703	0.3026	0.3049	0.3431	0.3552	0.4554	0.5787	0.3654	0.3526	0.2814	0.0000	0.3417	0.5869	0.0737	0.3398	0.5786	0.2927	0.5813	0.0723	0.3609	0.5697	0.2662	0.2742	0.0720	0.3604	0.5890	0.2935	0.2837	0.3416	0.3094	0.3541	0.0523
0.3368	0.5567	0.5511	0.5491	0.4166	0.4084	0.3393	0.4224	0.1900	0.4123	0.2035	0.3550	0.1851	0.3658	0.4224	0.4217	0.2112	0.1919	0.1807	0.3492	0.3471	0.3531	0.1890	0.4224	0.3739	0.3655	0.3540	0.1762	0.3688	0.4282	0.4350	0.1729	0.2066	0.3858	0.3791	0.1718	0.1970	0.4019	0.3417	0.0000	0.3628	0.3495	0.1917	0.3723	0.3846	0.3703	0.3462	0.2029	0.3479	0.4206	0.4243	0.3536	0.1967	0.3496	0.4357	0.4075	0.1820	0.4357	0.1800	0.3413
0.5780	0.2700	0.3082	0.3102	0.3737	0.3972	0.5869	0.4001	0.3782	0.4075	0.3436	0.5697	0.3734	0.1751	0.3871	0.3700	0.3633	0.3336	0.3208	0.1426	0.1338	0.5692	0.3232	0.3683	0.4082	0.1428	0.5614	0.3163	0.2001	0.3688	0.3883	0.3511	0.3455	0.2654	0.1714	0.3232	0.3471	0.3805	0.5869	0.3628	0.0000	0.5598	0.3824	0.1608	0.3981	0.1262	0.5663	0.3430	0.1475	0.4031	0.4107	0.5629	0.3447	0.1121	0.3770	0.3934	0.3333	0.3737	0.3326	0.5838
0.0690	0.5093	0.5344	0.5349	0.2997	0.3074	0.0678	0.3066	0.3702	0.2963	0.3414	0.0394	0.3692	0.5909	0.2918	0.2987	0.3613	0.3415	0.3324	0.5629	0.5563	0.0454	0.3559	0.2692	0.2904	0.5510	0.0388	0.3425	0.5983	0.2709	0.2691	0.3721	0.3356	0.4838	0.6102	0.3378	0.3779	0.2964	0.0737	0.3495	0.5598	0.0000	0.3595	0.5539	0.3081	0.5510	0.0360	0.3348	0.5962	0.2922	0.2905	0.0459	0.3290	0.5586	0.3165	0.3052	0.3112	0.2792	0.3296	0.0694
0.3368	0.5607	0.5342	0.5280	0.3840	0.3978	0.3394	0.4042	0.1959	0.3889	0.2191	0.3616	0.1872	0.3718	0.4037	0.4075	0.2006	0.2142	0.2096	0.3842	0.3769	0.3583	0.2066	0.4275	0.3615	0.3858	0.3608	0.1912	0.3731	0.4270	0.4270	0.1709	0.2291	0.3902	0.3802	0.1906	0.1910	0.4080	0.3398	0.1917	0.3824	0.3595	0.0000	0.3975	0.3727	0.3876	0.3502	0.2221	0.3536	0.4138	0.4009	0.3618	0.2190	0.3728	0.4179	0.4030	0.1975	0.4218	0.2081	0.3360
0.5733	0.2834	0.3191	0.3239	0.3929	0.4148	0.5746	0.4126	0.3791	0.4228	0.3468	0.5591	0.3827	0.2029	0.4122	0.3817	0.3834	0.3494	0.3320	0.1692	0.1617	0.5582	0.3269	0.3762	0.4126	0.1760	0.5487	0.3274	0.2219	0.3803	0.4018	0.3690	0.3550	0.2977	0.2091	0.3385	0.3612	0.3974	0.5786	0.3723	0.1608	0.5539	0.3975	0.0000	0.4052	0.1660	0.5527	0.3518	0.1937	0.4219	0.4142	0.5469	0.3425	0.1538	0.3929	0.4026	0.3537	0.3794	0.3466	0.5731
0.2920	0.2866	0.2699	0.2689	0.1903	0.2028	0.3086	0.2061	0.3685	0.2060	0.3986	0.3152	0.3633	0.3702	0.1859	0.1973	0.3833	0.3989	0.3815	0.4041	0.3883	0.3241	0.3975	0.2286	0.1767	0.3840	0.3162	0.3759	0.3844	0.2233	0.2367	0.3737	0.3991	0.3154	0.3887	0.3839	0.3591	0.1844	0.2927	0.3846	0.3981	0.3081	0.3727	0.4052	0.0000	0.3887	0.3137	0.3869	0.3801	0.2084	0.2090	0.3177	0.4007	0.3796	0.1938	0.1882	0.3730	0.2189	0.3747	0.2960
0.5648	0.2663	0.2947	0.2986	0.3669	0.3795	0.5701	0.3899	0.3821	0.3906	0.3452	0.5576	0.3836	0.1793	0.3855	0.3603	0.3842	0.3399	0.3294	0.1567	0.1322	0.5505	0.3314	0.3545	0.3932	0.1480	0.5445	0.3261	0.1995	0.3601	0.3752	0.3709	0.3470	0.2627	0.1825	0.3280	0.3664	0.3714	0.5813	0.3703	0.1262	0.5510	0.3876	0.1660	0.3887	0.0000	0.5486	0.3467	0.1664	0.4001	0.3940	0.5482	0.3468	0.1201	0.3698	0.3831	0.3481	0.3516	0.3430	0.5742
0.0584	0.5118	0.5388	0.5336	0.2919	0.2999	0.0594	0.2991	0.3626	0.2904	0.3406	0.0384	0.3677	0.5923	0.2891	0.2966	0.3560	0.3350	0.3284	0.5692	0.5496	0.0326	0.3501	0.2751	0.2823	0.5541	0.0381	0.3397	0.5953	0.2683	0.2634	0.3693	0.3233	0.4860	0.6148	0.3290	0.3781	0.2915	0.0723	0.3462	0.5663	0.0360	0.3502	0.5527	0.3137	0.5486	0.0000	0.3394	0.5946	0.2925	0.2921	0.0460	0.3290	0.5590	0.3122	0.3028	0.3097	0.2678	0.3330	0.0688
0.3588	0.5271	0.5639	0.5668	0.4155	0.4299	0.3607	0.4241	0.2207	0.4205	0.1830	0.3428	0.2143	0.3828	0.4199	0.3992	0.2095	0.1709	0.1688	0.3471	0.3417	0.3417	0.1730	0.4014	0.3883	0.3612	0.3328	0.1490	0.4062	0.4020	0.4067	0.1866	0.1931	0.3985	0.3966	0.1683	0.2007	0.4142	0.3609	0.2029	0.3430	0.3348	0.2221	0.3518	0.3869	0.3467	0.3394	0.0000	0.3707	0.4232	0.4373	0.3377	0.1899	0.3335	0.4340	0.4258	0.1584	0.4115	0.1675	0.3644
0.5643	0.3074	0.2827	0.2796	0.3649	0.3736	0.5747	0.3706	0.3431	0.3805	0.3726	0.6026	0.3453	0.1465	0.3691	0.3726	0.3665	0.3642	0.3476	0.1711	0.1502	0.5975	0.3402	0.3948	0.3788	0.1719	0.5927	0.3486	0.1665	0.4046	0.4121	0.3357	0.3806	0.2441	0.1401	0.3479	0.3374	0.3760	0.5697	0.3479	0.1475	0.5962	0.3536	0.1937	0.3801	0.1664	0.5946	0.3707	0.0000	0.3896	0.3863	0.5933	0.3725	0.1375	0.3647	0.3700	0.3650	0.3927	0.3658	0.5669
0.2783	0.3041	0.2825	0.2790	0.1435	0.1357	0.2818	0.1538	0.4077	0.1541	0.4335	0.2854	0.4058	0.4036	0.1360	0.1591	0.4236	0.4321	0.4186	0.4188	0.3959	0.2966	0.4282	0.1527	0.2200	0.3997	0.2896	0.4142	0.3981	0.1627	0.1817	0.4059	0.4226	0.2935	0.4062	0.4191	0.4095	0.1404	0.2662	0.4206	0.4031	0.2922	0.4138	0.4219	0.2084	0.4001	0.2925	0.4232	0.3896	0.0000	0.1517	0.2958	0.4248	0.3993	0.1655	0.1327	0.4079	0.1774	0.4254	0.2825
0.2670	0.3127	0.2798	0.2755	0.1246	0.1355	0.2731	0.1528	0.3985	0.1482	0.4413	0.2905	0.4018	0.3917	0.1373	0.1576	0.4126	0.4381	0.4201	0.4286	0.4024	0.2913	0.4412	0.1603	0.2169	0.4129	0.2905	0.4188	0.4004	0.1787	0.1882	0.4103	0.4236	0.2985	0.4010	0.4282	0.4004	0.1454	0.2742	0.4243	0.4107	0.2905	0.4009	0.4142	0.2090	0.3940	0.2921	0.4373	0.3863	0.1517	0.0000	0.2917	0.4157	0.4038	0.1493	0.1462	0.4051	0.1784	0.4271	0.2779
0.0660	0.5068	0.5390	0.5422	0.3005	0.3071	0.0736	0.3053	0.3662	0.3052	0.3451	0.0421	0.3650	0.5855	0.2920	0.2979	0.3577	0.3370	0.3355	0.5670	0.5495	0.0455	0.3556	0.2777	0.2927	0.5501	0.0427	0.3384	0.5954	0.2714	0.2798	0.3759	0.3394	0.4852	0.6116	0.3335	0.3751	0.2972	0.0720	0.3536	0.5629	0.0459	0.3618	0.5469	0.3177	0.5482	0.0460	0.3377	0.5933	0.2958	0.2917	0.0000	0.3376	0.5604	0.3091	0.3041	0.3157	0.2857	0.3244	0.0847
0.3493	0.5343	0.5661	0.5637	0.4038	0.4288	0.3543	0.4342	0.2126	0.4198	0.1893	0.3341	0.2086	0.3701	0.4124	0.4071	0.2200	0.1662	0.1586	0.3403	0.3318	0.3301	0.1822	0.4019	0.3868	0.3486	0.3298	0.1629	0.4035	0.4034	0.4107	0.1773	0.1774	0.4054	0.3947	0.1549	0.2019	0.4154	0.3604	0.1967	0.3447	0.3290	0.2190	0.3425	0.4007	0.3468	0.3290	0.1899	0.3725	0.4248	0.4157	0.3376	0.0000	0.3346	0.4347	0.4276	0.1573	0.4035	0.1634	0.3587
0.5815	0.2739	0.3048	0.3051	0.3716	0.3940	0.5793	0.3904	0.3670	0.4028	0.3400	0.5686	0.3679	0.1596	0.3889	0.3729	0.3689	0.3303	0.3155	0.1298	0.1113	0.5643	0.3037	0.3614	0.3939	0.1315	0.5588	0.3121	0.1913	0.3655	0.3792	0.3587	0.3407	0.2645	0.1678	0.3118	0.3512	0.3769	0.5890	0.3496	0.1121	0.5586	0.3728	0.1538	0.3796	0.1201	0.5590	0.3335	0.1375	0.3993	0.4038	0.5604	0.3346	0.0000	0.3705	0.3887	0.3307	0.3591	0.3272	0.5857
0.2914	0.2863	0.2661	0.2636	0.1117	0.1385	0.2981	0.1463	0.4049	0.1535	0.4368	0.3134	0.4124	0.3706	0.1234	0.1378	0.4196	0.4393	0.4208	0.4060	0.3712	0.3201	0.4338	0.1550	0.2007	0.3798	0.3135	0.4234	0.3743	0.1641	0.1829	0.4225	0.4444	0.2892	0.3754	0.4244	0.3891	0.1296	0.2935	0.4357	0.3770	0.3165	0.4179	0.3929	0.1938	0.3698	0.3122	0.4340	0.3647	0.1655	0.1493	0.3091	0.4347	0.3705	0.0000	0.1369	0.4226	0.1705	0.4237	0.3105
0.2731	0.2973	0.2764	0.2744	0.1083	0.1154	0.2871	0.1294	0.3974	0.1470	0.4272	0.3036	0.4019	0.3843	0.1144	0.1353	0.4082	0.4329	0.4084	0.4103	0.3835	0.3103	0.4246	0.1402	0.2006	0.3857	0.3049	0.4060	0.3789	0.1474	0.1660	0.4074	0.4302	0.2733	0.3874	0.4105	0.3957	0.1147	0.2837	0.4075	0.3934	0.3052	0.4030	0.4026	0.1882	0.3831	0.3028	0.4258	0.3700	0.1327	0.1462	0.3041	0.4276	0.3887	0.1369	0.0000	0.4103	0.1570	0.4103	0.2872
0.3345	0.5220	0.5591	0.5583	0.3952	0.4165	0.3362	0.4262	0.2014	0.4111	0.1924	0.3122	0.2018	0.3795	0.3951	0.3911	0.2106	0.1550	0.1540	0.3430	0.3260	0.3112	0.1655	0.3898	0.3757	0.3453	0.3135	0.1350	0.4000	0.3846	0.3996	0.1636	0.1682	0.3994	0.3953	0.1520	0.1989	0.4031	0.3416	0.1820	0.3333	0.3112	0.1975	0.3537	0.3730	0.3481	0.3097	0.1584	0.3650	0.4079	0.4051	0.3157	0.1573	0.3307	0.4226	0.4103	0.0000	0.3897	0.1545	0.3387
0.3048	0.2500	0.2801	0.2770	0.1440	0.1686	0.3038	0.1796	0.4381	0.1683	0.3988	0.2787	0.4440	0.3978	0.1573	0.1625	0.4319	0.4124	0.3937	0.3888	0.3614	0.2831	0.4113	0.1430	0.2240	0.3542	0.2765	0.3941	0.4020	0.1350	0.1526	0.4307	0.4059	0.3185	0.4237	0.3932	0.4304	0.1515	0.3094	0.4357	0.3737	0.2792	0.4218	0.3794	0.2189	0.3516	0.2678	0.4115	0.3927	0.1774	0.1784	0.2857	0.4035	0.3591	0.1705	0.1570	0.3897	0.0000	0.4010	0.3099
0.3517	0.5215	0.5633	0.5639	0.4044	0.4188	0.3569	0.4219	0.2053	0.4202	0.1753	0.3352	0.1931	0.3662	0.4037	0.3973	0.2037	0.1538	0.1474	0.3344	0.3274	0.3337	0.1607	0.3966	0.3773	0.3387	0.3290	0.1406	0.4038	0.3940	0.4003	0.1614	0.1833	0.3849	0.3910	0.1409	0.1931	0.4036	0.3541	0.1800	0.3326	0.3296	0.2081	0.3466	0.3747	0.3430	0.3330	0.1675	0.3658	0.4254	0.4271	0.3244	0.1634	0.3272	0.4237	0.4103	0.1545	0.4010	0.0000	0.3581
0.0460	0.5470	0.5185	0.5135	0.2953	0.2841	0.0563	0.2948	0.3404	0.2763	0.3671	0.0756	0.3330	0.5752	0.2793	0.3105	0.3402	0.3658	0.3566	0.5894	0.5779	0.0810	0.3788	0.3069	0.2765	0.5774	0.0767	0.3658	0.5666	0.3090	0.3026	0.3486	0.3598	0.4564	0.5751	0.3594	0.3564	0.2914	0.0523	0.3413	0.5838	0.0694	0.3360	0.5731	0.2960	0.5742	0.0688	0.3644	0.5669	0.2825	0.2779	0.0847	0.3587	0.5857	0.3105	0.2872	0.3387	0.3099	0.3581	0.0000
