Sim2	Sim5	Sim7	Sim10	Sim11	Sim12	Sim15	Sim16	Sim18	Sim20	Sim21	Sim25	Sim27	Sim28	Sim29	Sim30	Sim31	Sim33	Sim35	Sim36	Sim38	Sim41	Sim42	Sim43	Sim44	Sim46	Sim49	Sim52	Sim56	Sim57	Sim59
0.0000	0.2549	0.0987	0.2899	0.3005	0.1050	0.3027	0.3103	0.2873	0.1157	0.1017	0.0983	0.2500	0.2525	0.3015	0.1052	0.0925	0.1056	0.0938	0.1831	0.3113	0.3083	0.3087	0.1149	0.2219	0.0859	0.4363	0.0966	0.1017	0.2284	0.2971
0.2549	0.0000	0.2556	0.2359	0.2453	0.2797	0.2358	0.2396	0.2410	0.2627	0.2626	0.2541	0.1726	0.1700	0.2489	0.2631	0.2617	0.2834	0.2478	0.3018	0.2334	0.2420	0.2297	0.2749	0.1765	0.2592	0.2516	0.2532	0.2508	0.1668	0.2293
0.0987	0.2556	0.0000	0.2719	0.2936	0.1046	0.2847	0.2985	0.2700	0.1128	0.0851	0.0961	0.2417	0.2572	0.2856	0.0865	0.0911	0.0902	0.0973	0.1901	0.3049	0.2901	0.3087	0.1033	0.2230	0.0679	0.4341	0.0899	0.0727	0.2304	0.2969
0.2899	0.2359	0.2719	0.0000	0.1043	0.2885	0.1111	0.0850	0.1113	0.2534	0.2623	0.2792	0.2331	0.2448	0.1031	0.2829	0.2591	0.2752	0.2834	0.4111	0.0873	0.0852	0.0964	0.2837	0.2497	0.2719	0.1807	0.2616	0.2807	0.2359	0.0815
0.3005	0.2453	0.2936	0.1043	0.0000	0.2898	0.1007	0.0872	0.1262	0.2729	0.2838	0.2970	0.2250	0.2500	0.1110	0.2942	0.2737	0.2850	0.2823	0.4108	0.0906	0.0976	0.0938	0.3124	0.2524	0.2880	0.1762	0.2728	0.3034	0.2264	0.0931
0.1050	0.2797	0.1046	0.2885	0.2898	0.0000	0.2817	0.2963	0.2691	0.1389	0.1099	0.1067	0.2589	0.2663	0.2891	0.0965	0.1175	0.1040	0.1233	0.2032	0.3001	0.2895	0.3002	0.1260	0.2313	0.1048	0.4291	0.1158	0.1220	0.2393	0.2891
0.3027	0.2358	0.2847	0.1111	0.1007	0.2817	0.0000	0.0892	0.1069	0.2901	0.2827	0.2903	0.2321	0.2409	0.1048	0.2927	0.2809	0.2832	0.2820	0.4237	0.0943	0.0886	0.1015	0.2947	0.2386	0.2844	0.1774	0.2859	0.2998	0.2124	0.0927
0.3103	0.2396	0.2985	0.0850	0.0872	0.2963	0.0892	0.0000	0.1044	0.2771	0.2807	0.2947	0.2169	0.2329	0.0914	0.2974	0.2770	0.2883	0.2947	0.4238	0.0710	0.0710	0.0734	0.3114	0.2379	0.2964	0.1723	0.2712	0.3081	0.2139	0.0665
0.2873	0.2410	0.2700	0.1113	0.1262	0.2691	0.1069	0.1044	0.0000	0.2874	0.2919	0.2718	0.2430	0.2610	0.0964	0.2747	0.2667	0.2648	0.2894	0.4384	0.1019	0.0903	0.1114	0.2846	0.2192	0.2698	0.1792	0.2832	0.2821	0.2071	0.1046
0.1157	0.2627	0.1128	0.2534	0.2729	0.1389	0.2901	0.2771	0.2874	0.0000	0.0950	0.1274	0.2413	0.2429	0.3000	0.1185	0.0942	0.1233	0.1026	0.1766	0.2743	0.2804	0.2743	0.1215	0.2398	0.1045	0.4090	0.0884	0.1131	0.2610	0.2630
0.1017	0.2626	0.0851	0.2623	0.2838	0.1099	0.2827	0.2807	0.2919	0.0950	0.0000	0.1068	0.2319	0.2411	0.2922	0.0992	0.0878	0.1025	0.0954	0.1729	0.2925	0.2865	0.2937	0.1031	0.2257	0.0877	0.4326	0.0850	0.1053	0.2466	0.2798
0.0983	0.2541	0.0961	0.2792	0.2970	0.1067	0.2903	0.2947	0.2718	0.1274	0.1068	0.0000	0.2500	0.2650	0.2902	0.0951	0.1073	0.0956	0.1094	0.1978	0.3014	0.2943	0.3052	0.1144	0.2262	0.0853	0.4348	0.1077	0.1018	0.2299	0.2944
0.2500	0.1726	0.2417	0.2331	0.2250	0.2589	0.2321	0.2169	0.2430	0.2413	0.2319	0.2500	0.0000	0.1506	0.2492	0.2564	0.2365	0.2579	0.2330	0.2697	0.2202	0.2186	0.2231	0.2532	0.1452	0.2446	0.2731	0.2218	0.2562	0.1441	0.2188
0.2525	0.1700	0.2572	0.2448	0.2500	0.2663	0.2409	0.2329	0.2610	0.2429	0.2411	0.2650	0.1506	0.0000	0.2627	0.2669	0.2277	0.2543	0.2337	0.2731	0.2258	0.2271	0.2316	0.2592	0.1497	0.2479	0.2636	0.2243	0.2553	0.1611	0.2206
0.3015	0.2489	0.2856	0.1031	0.1110	0.2891	0.1048	0.0914	0.0964	0.3000	0.2922	0.2902	0.2492	0.2627	0.0000	0.2871	0.2841	0.2781	0.3079	0.4416	0.1044	0.0989	0.1019	0.2984	0.2386	0.2811	0.1774	0.3043	0.2988	0.2088	0.1012
0.1052	0.2631	0.0865	0.2829	0.2942	0.0965	0.2927	0.2974	0.2747	0.1185	0.0992	0.0951	0.2564	0.2669	0.2871	0.0000	0.1029	0.0935	0.1113	0.1857	0.3060	0.2967	0.3108	0.1209	0.2222	0.0838	0.4426	0.1085	0.0965	0.2371	0.3053
0.0925	0.2617	0.0911	0.2591	0.2737	0.1175	0.2809	0.2770	0.2667	0.0942	0.0878	0.1073	0.2365	0.2277	0.2841	0.1029	0.0000	0.0889	0.0874	0.1980	0.2793	0.2693	0.2758	0.1065	0.2224	0.0801	0.4177	0.0775	0.0922	0.2433	0.2665
0.1056	0.2834	0.0902	0.2752	0.2850	0.1040	0.2832	0.2883	0.2648	0.1233	0.1025	0.0956	0.2579	0.2543	0.2781	0.0935	0.0889	0.0000	0.0941	0.2017	0.2914	0.2891	0.2927	0.1189	0.2238	0.0757	0.4314	0.0973	0.0957	0.2404	0.2890
0.0938	0.2478	0.0973	0.2834	0.2823	0.1233	0.2820	0.2947	0.2894	0.1026	0.0954	0.1094	0.2330	0.2337	0.3079	0.1113	0.0874	0.0941	0.0000	0.1789	0.2936	0.2981	0.2913	0.1121	0.2354	0.0897	0.4246	0.0838	0.1054	0.2455	0.2820
0.1831	0.3018	0.1901	0.4111	0.4108	0.2032	0.4237	0.4238	0.4384	0.1766	0.1729	0.1978	0.2697	0.2731	0.4416	0.1857	0.1980	0.2017	0.1789	0.0000	0.4252	0.4355	0.4289	0.2025	0.2868	0.1957	0.5273	0.1836	0.1934	0.3087	0.4251
0.3113	0.2334	0.3049	0.0873	0.0906	0.3001	0.0943	0.0710	0.1019	0.2743	0.2925	0.3014	0.2202	0.2258	0.1044	0.3060	0.2793	0.2914	0.2936	0.4252	0.0000	0.0779	0.0747	0.3094	0.2297	0.3007	0.1672	0.2737	0.3126	0.2146	0.0651
0.3083	0.2420	0.2901	0.0852	0.0976	0.2895	0.0886	0.0710	0.0903	0.2804	0.2865	0.2943	0.2186	0.2271	0.0989	0.2967	0.2693	0.2891	0.2981	0.4355	0.0779	0.0000	0.0834	0.2984	0.2251	0.2942	0.1701	0.2726	0.3051	0.2136	0.0678
0.3087	0.2297	0.3087	0.0964	0.0938	0.3002	0.1015	0.0734	0.1114	0.2743	0.2937	0.3052	0.2231	0.2316	0.1019	0.3108	0.2758	0.2927	0.2913	0.4289	0.0747	0.0834	0.0000	0.3056	0.2443	0.2988	0.1595	0.2765	0.3179	0.2278	0.0676
0.1149	0.2749	0.1033	0.2837	0.3124	0.1260	0.2947	0.3114	0.2846	0.1215	0.1031	0.1144	0.2532	0.2592	0.2984	0.1209	0.1065	0.1189	0.1121	0.2025	0.3094	0.2984	0.3056	0.0000	0.2268	0.0950	0.4293	0.1068	0.1061	0.2587	0.2925
0.2219	0.1765	0.2230	0.2497	0.2524	0.2313	0.2386	0.2379	0.2192	0.2398	0.2257	0.2262	0.1452	0.1497	0.2386	0.2222	0.2224	0.2238	0.2354	0.2868	0.2297	0.2251	0.2443	0.2268	0.0000	0.2108	0.2864	0.2301	0.2207	0.1210	0.2295
0.0859	0.2592	0.0679	0.2719	0.2880	0.1048	0.2844	0.2964	0.2698	0.1045	0.0877	0.0853	0.2446	0.2479	0.2811	0.0838	0.0801	0.0757	0.0897	0.1957	0.3007	0.2942	0.2988	0.0950	0.2108	0.0000	0.4297	0.0821	0.0776	0.2314	0.2920
0.4363	0.2516	0.4341	0.1807	0.1762	0.4291	0.1774	0.1723	0.1792	0.4090	0.4326	0.4348	0.2731	0.2636	0.1774	0.4426	0.4177	0.4314	0.4246	0.5273	0.1672	0.1701	0.1595	0.4293	0.2864	0.4297	0.0000	0.4147	0.4372	0.2644	0.1621
0.0966	0.2532	0.0899	0.2616	0.2728	0.1158	0.2859	0.2712	0.2832	0.0884	0.0850	0.1077	0.2218	0.2243	0.3043	0.1085	0.0775	0.0973	0.0838	0.1836	0.2737	0.2726	0.2765	0.1068	0.2301	0.0821	0.4147	0.0000	0.0993	0.2441	0.2607
0.1017	0.2508	0.0727	0.2807	0.3034	0.1220	0.2998	0.3081	0.2821	0.1131	0.1053	0.1018	0.2562	0.2553	0.2988	0.0965	0.0922	0.0957	0.1054	0.1934	0.3126	0.3051	0.3179	0.1061	0.2207	0.0776	0.4372	0.0993	0.0000	0.2394	0.3057
0.2284	0.1668	0.2304	0.2359	0.2264	0.2393	0.2124	0.2139	0.2071	0.2610	0.2466	0.2299	0.1441	0.1611	0.2088	0.2371	0.2433	0.2404	0.2455	0.3087	0.2146	0.2136	0.2278	0.2587	0.1210	0.2314	0.2644	0.2441	0.2394	0.0000	0.2212
0.2971	0.2293	0.2969	0.0815	0.0931	0.2891	0.0927	0.0665	0.1046	0.2630	0.2798	0.2944	0.2188	0.2206	0.1012	0.3053	0.2665	0.2890	0.2820	0.4251	0.0651	0.0678	0.0676	0.2925	0.2295	0.2920	0.1621	0.2607	0.3057	0.2212	0.0000
